0 0 0
0 0 0
0 0 0
0 0 0
0 0 0
0 0 0
0 0 0
0 0 0
0 0 0
0 0 0
0 0 0
0 0 0
0 0 0
0 0 0
0 0 0
0 0 0
0 0 0
0 0 0
0 0 0
0 0 0
0 0 0
0 0 0
0 0 0
0 0 0
0 0 0
0 0 0
0 0 0
0 0 0
0 0 0
0 0 0
0 0 0
0 0 0
0 0 0
0 0 0
0 0 0
0 0 0
0 0 0
0 0 0
0 0 0
0 0 0
0 0 0
0 0 0
0 0 0
0 0 0
0 0 0
0 0 0
0 0 0
0 0 0
0 0 0
0 0 0
0 0 0
0 0 0
0 0 0
0 0 0
0 0 0
0 0 0
0 0 0
0 0 0
0 0 0
0 0 0
0 0 0
0 0 0
0 0 0
0 0 0
0 0 0
0 0 0
0 0 0
0 0 0
0 0 0
0 0 0
0 0 0
0 0 0
0 0 0
0 0 0
0 0 0
0 0 0
0 0 0
0 0 0
0 0 0
0 0 0
0 0 0
0 0 0
0 0 0
0 0 0
0 0 0
0 0 0
0 0 0
0 0 0
0 0 0
0 0 0
0 0 0
0 0 0
0 0 0
0 0 0
0 0 0
0 0 0
0 0 0
0 0 0
0 0 0
0 0 0
0 0 0
0 0 0
0 0 0
0 0 0
0 0 0
0 0 0
0 0 0
0 0 0
0 0 0
0 0 0
0 0 0
0 0 0
0 0 0
0 0 0
0 0 0
0 0 0
0 0 0
0 0 0
0 0 0
0 0 0
0 0 0
0 0 0
0 0 0
0 0 0
0 0 0
0 0 0
0 0 0
0 0 0
0 0 0
0 0 0
0 0 0
0 0 0
0 0 0
0 0 0
0 0 0
0 0 0
0 0 0
0 0 0
0 0 0
0 0 0
0 0 0
0 0 0
0 0 0
0 0 0
0 0 0
0 0 0
0 0 0
0 0 0
0 0 0
0 0 0
0 0 0
0 0 0
0 0 0
0 0 0
0 0 0
0 0 0
0 0 0
0 0 0
0 0 0
0.00486952 -0.00844684 -0.019391
-0.0136667 0.00776712 0.0161704
-0.00146716 -0.022403 0.0146976
0.0346804 -0.00439535 0.0121908
-0.0285717 -0.000559126 -0.0124187
-0.0042124 -0.00316737 0.00994096
0.0504529 0.0110456 0.0208805
-0.025433 -0.00882857 -0.0131054
-0.0193671 -0.00698578 -0.000370866
0.0583534 0.0265647 0.01577
-0.00804213 -0.00881905 -0.00795623
-0.0353816 -0.0184877 -0.00326152
0.0521232 0.0322255 -1.79583e-005
0.019091 -0.00132453 -0.00216963
-0.0497252 -0.0306019 0.00107331
0.032505 0.0214806 -0.0176433
0.0526772 0.0139962 -0.00299111
-0.0582322 -0.0393222 0.0141244
0.000339062 -0.00496195 -0.0237359
0.0888118 0.0298159 -0.0169283
-0.0599791 -0.0391685 0.0337868
-0.0421599 -0.0368061 -0.00734042
0.125031 0.0358563 -0.0439768
-0.0554877 -0.026493 0.0546979
-0.0928629 -0.0573778 0.0343697
0.160309 0.0237405 -0.0771675
-0.0452952 -0.00106484 0.069097
-0.149997 -0.0498534 0.0931374
0.19436 -0.00929429 -0.105576
-0.0293945 0.0326165 0.0693603
-0.212069 -0.0041159 0.151077
0.226874 -0.0598071 -0.11812
-0.00752097 0.0659064 0.0511873
-0.27767 0.0786479 0.185886
0.257248 -0.119238 -0.106364
0.0203445 0.0885946 0.0157333
-0.345366 0.185059 0.177533
0.284712 -0.175626 -0.0663962
0.0537975 0.0921555 -0.0303665
-0.413698 0.292105 0.114268
0.308579 -0.215828 -1.08852e-005
0.0920947 0.0722891 -0.0766977
-0.481254 0.372182 -0.00337305
0.328418 -0.22816 0.0851185
0.134307 0.0301975 -0.111612
-0.546771 0.399459 -0.161393
0.3441 -0.204909 0.176496
0.17943 -0.0274178 -0.124938
-0.609219 0.356138 -0.33427
0.355774 -0.144126 0.258884
0.226442 -0.0895209 -0.110399
-0.667856 0.237179 -0.489628
0.363789 -0.0503629 0.316915
0.274339 -0.142891 -0.0673026
-0.722216 0.0523883 -0.594601
0.368627 0.0656973 0.337761
0.322178 -0.174877 -0.00110549
-0.772079 -0.174553 -0.62246
0.370821 0.18862 0.313462
0.369116 -0.17617 0.0773633
-0.817406 -0.409849 -0.558134
0.370898 0.300423 0.242565
0.414451 -0.142937 0.153874
-0.858283 -0.615315 -0.401578
0.369337 0.383285 0.130794
0.457642 -0.0778486 0.21352
-0.894882 -0.754928 -0.168435
0.366541 0.422378 -0.00937341
0.498306 0.0102048 0.243596
-0.927428 -0.801034 0.112015
0.362832 0.408361 -0.160226
0.536208 0.107587 0.236043
-0.956186 -0.739178 0.401186
0.358461 0.339143 -0.301225
0.571232 0.198254 0.189026
-0.98145 -0.570824 0.65703
0.353615 0.220611 -0.411963
0.603366 0.266494 0.107402
-1.00353 -0.3136 0.840446
0.348434 0.0661546 -0.475238
0.632668 0.299594 0.00204907
-1.02275 0.000909112 0.921266
0.343014 -0.104958 -0.479751
0.659255 0.289991 -0.111781
-1.03939 0.331448 0.882967
0.337414 -0.270139 -0.422036
0.683276 0.236607 -0.216797
-1.05371 0.632811 0.725449
0.331653 -0.406622 -0.307305
0.704898 0.145192 -0.29631
-1.06589 0.862191 0.465535
0.325716 -0.494754 -0.149073
0.724293 0.0276596 -0.336803
-1.07601 0.985326 0.135134
0.319547 -0.520982 0.032431
0.741615 -0.09946 -0.330088
-1.08404 0.981638 -0.222713
0.313061 -0.480115 0.2129
0.756978 -0.217267 -0.274797
-1.08981 0.847709 -0.559459
0.306138 -0.3765 0.36734
0.770434 -0.307176 -0.176999
-1.093 0.598558 -0.827732
0.298635 -0.223856 0.473794
0.781934 -0.353773 -0.0498416
-1.09319 0.266404 -0.988255
0.29039 -0.0436819 0.516886
0.791301 -0.347513 0.0878834
-1.08981 -0.103145 -1.0161
0.281228 0.137723 0.490653
0.798219 -0.286859 0.21423
-1.08223 -0.457211 -0.905333
0.270965 0.293323 0.400093
0.80224 -0.179426 0.307481
-1.06975 -0.743448 -0.671102
0.259408 0.399979 0.26095
0.802814 -0.0416822 0.350031
-1.05161 -0.91853 -0.348606
0.246354 0.442879 0.0974808
0.799332 0.103055 0.332145
-1.02701 -0.95605 0.0114673
0.231597 0.418824 -0.0617145
0.791165 0.228328 0.254784
-0.99508 -0.852362 0.350752
0.214941 0.337478 -0.189263
0.777697 0.309529 0.130693
-0.954922 -0.628902 0.613462
0.1962 0.21986 -0.264982
0.758375 0.329367 -0.0169176
-0.905618 -0.329784 0.757541
0.175185 0.0938774 -0.280748
0.732727 0.282613 -0.158348
-0.846353 -0.0140481 0.764418
0.151661 -0.0123414 -0.242612
0.700308 0.178735 -0.263717
-0.77663 0.256773 0.644478
0.125347 -0.0774988 -0.16917
0.660544 0.0411601 -0.310473
-0.696543 0.433218 0.43562
0.0960879 -0.0925154 -0.0865902
0.612615 -0.0975511 -0.290299
-0.606966 0.490314 0.194326
0.0643901 -0.0631664 -0.021584
0.555799 -0.204393 -0.213021
-0.509456 0.433897 -0.0187519
0.032489 -0.00948052 0.00698455
0.490581 -0.25679 -0.104907
-0.405676 0.299062 -0.154298
0.00525508 0.0405325 -0.00298975
0.420042 -0.251137 0.000499793
-0.297176 0.141307 -0.188866
-0.0105234 0.0640682 -0.0335157
0.349597 -0.202197 0.0746441
-0.177679 0.0113176 -0.131027
-0.00836489 0.0605647 -0.0568917
0.276965 -0.133625 0.0979796
-0.00152494 -0.0776675 0.00208312
0.0298953 0.0310407 -0.0557418
0.156706 -0.0914086 0.00166179
0.00262816 -0.00592501 -0.0209973
-0.0137972 0.00771202 0.0174343
-0.00132436 -0.02213 0.0154034
0.0294672 -0.00634487 0.0093836
-0.030508 0.000379 -0.0116681
0.00106105 -0.00139041 0.0129213
0.0460444 0.00681096 0.0200024
-0.0320414 -0.00847176 -0.0139345
-0.0111119 -0.00265143 0.00310584
0.0581885 0.0229361 0.0187061
-0.0207165 -0.0109603 -0.0101586
-0.0260543 -0.0116673 -0.00120965
0.0584514 0.0328983 0.00595413
0.000368408 -0.00742517 -0.00398121
-0.0411612 -0.0225308 0.000267117
0.0470184 0.0292742 -0.0121734
0.0289548 0.00417532 -0.00141486
-0.052147 -0.0320173 0.00980504
0.0236431 0.0097854 -0.024054
0.0616842 0.0187927 -0.00949973
-0.0576517 -0.0348125 0.0265566
-0.0102968 -0.0189697 -0.0181472
0.0961293 0.0274684 -0.0302356
-0.0577815 -0.0266967 0.0464851
-0.0532984 -0.0430849 0.011308
0.131054 0.0214611 -0.05903
-0.0527876 -0.0060546 0.0627208
-0.104 -0.0461776 0.0602866
0.165956 -0.00367284 -0.0865101
-0.0424579 0.0244162 0.0675159
-0.161211 -0.0159191 0.114695
0.200396 -0.0465757 -0.10188
-0.0262824 0.0575081 0.0552861
-0.223754 0.0505082 0.154112
0.233677 -0.100431 -0.095939
-0.00392086 0.0834246 0.025245
-0.290337 0.144062 0.157904
0.2649 -0.154333 -0.0633925
0.0245769 0.0928957 -0.0178094
-0.359526 0.245033 0.111582
0.293173 -0.195412 -0.00442198
0.0587918 0.0800306 -0.064598
-0.429791 0.327223 0.0117275
0.317783 -0.211496 0.0747878
0.0980459 0.0440974 -0.103621
-0.49962 0.364053 -0.131677
0.338289 -0.193787 0.1628
0.141498 -0.00995978 -0.123859
-0.567639 0.33516 -0.296134
0.354529 -0.138917 0.244791
0.188202 -0.0722333 -0.117403
-0.632722 0.231897 -0.450586
0.366593 -0.0500183 0.305098
0.237152 -0.129684 -0.0815483
-0.694043 0.0604122 -0.561557
0.374775 0.0633202 0.329982
0.287329 -0.168806 -0.0198794
-0.751081 -0.158403 -0.600076
0.379517 0.186198 0.310175
0.337759 -0.178599 0.0579789
-0.803582 -0.392046 -0.547872
0.381344 0.300493 0.242825
0.387564 -0.153158 0.137993
-0.851494 -0.601934 -0.401597
0.380798 0.387616 0.132479
0.436005 -0.0932669 0.204396
-0.8949 -0.75018 -0.174281
0.378387 0.431492 -0.00908761
0.482494 -0.00661376 0.242824
-0.933959 -0.806348 0.106169
0.37455 0.421322 -0.164221
0.526598 0.0934091 0.24322
-0.968867 -0.752964 0.40108
0.369639 0.353646 -0.311755
0.568018 0.190035 0.201915
-0.999833 -0.588913 0.666968
0.36392 0.233366 -0.43007
0.606576 0.266098 0.122521
-1.02707 -0.330199 0.862318
0.357588 0.0735132 -0.50038
0.64218 0.307065 0.0154939
-1.0508 -0.00802646 0.954106
0.350783 -0.106269 -0.509752
0.674813 0.303614 -0.103479
-1.07124 0.335452 0.923083
0.343601 -0.282327 -0.453361
0.704508 0.253321 -0.215956
-1.08858 0.653067 0.767067
0.336115 -0.430322 -0.335606
0.73133 0.161251 -0.303659
-1.10301 0.899366 0.501802
0.328372 -0.528802 -0.169897
0.755363 0.0393921 -0.351383
-1.11462 1.03724 0.159277
0.320396 -0.56249 0.0229114
0.776692 -0.0949652 -0.349484
-1.12346 1.04352 -0.216275
0.312186 -0.52482 0.217254
0.79538 -0.221654 -0.295604
-1.12945 0.912859 -0.57423
0.30371 -0.419324 0.38642
0.811442 -0.32058 -0.195434
-1.1324 0.659252 -0.864569
0.294906 -0.2596 0.506512
0.824819 -0.374831 -0.0623475
-1.13204 0.314895 -1.04516
0.285682 -0.0677595 0.560252
0.835352 -0.373581 0.0841183
-1.12796 -0.0736158 -1.08834
0.275921 0.128583 0.540084
0.842775 -0.314369 0.220876
-1.11971 -0.451486 -0.98587
0.265477 0.300512 0.449975
0.846726 -0.204317 0.324799
-1.10675 -0.763663 -0.751331
0.25417 0.422668 0.305412
0.846774 -0.0599111 0.376724
-1.08845 -0.963551 -0.419351
0.241784 0.477987 0.131301
0.842453 0.0949397 0.365349
-1.0641 -1.02126 -0.0413148
0.228059 0.461379 -0.0421927
0.83328 0.232543 0.290276
-1.03281 -0.92996 0.322303
0.2127 0.381385 -0.185381
0.818773 0.326449 0.163394
-0.993571 -0.708823 0.612253
0.195374 0.259006 -0.275395
0.798471 0.357119 0.00789666
-0.9452 -0.401326 0.782076
0.175706 0.123388 -0.301611
0.771936 0.317092 -0.145447
-0.88653 -0.0679716 0.808678
0.153255 0.00497972 -0.2684
0.738673 0.214219 -0.264597
-0.816645 0.226135 0.698915
0.127547 -0.0720251 -0.193986
0.697954 0.0715251 -0.324124
-0.73525 0.426505 0.489252
0.0982864 -0.0958209 -0.105663
0.648709 -0.0772563 -0.312846
-0.642961 0.502958 0.237469
0.0659421 -0.0704296 -0.0325455
0.58992 -0.196485 -0.238686
-0.54126 0.457467 0.008071
0.0328892 -0.0158019 0.00348801
0.521875 -0.260239 -0.127809
-0.431923 0.32388 -0.144225
0.00438289 0.0382381 -0.00206577
0.447724 -0.262154 -0.0156208
-0.316831 0.159697 -0.190836
-0.0122106 0.0659476 -0.0317389
0.373225 -0.21586 0.0662561
-0.189313 0.0192571 -0.137408
-0.00965528 0.0649084 -0.0561459
0.296067 -0.145588 0.0955963
-0.00101392 -0.0821276 -0.00150386
0.03148 0.0352831 -0.0571551
0.167459 -0.0966848 -0.00302379
0.00159026 -0.00403038 -0.0216484
-0.0135683 0.0076608 0.0181277
-0.0013432 -0.0219536 0.0153936
0.0258326 -0.00712689 0.00745957
-0.0307355 0.000953666 -0.0110777
0.0038859 -0.000673017 0.0144194
0.0423701 0.00439827 0.0189805
-0.0347124 -0.00805347 -0.0141969
-0.00637467 -0.000430374 0.00508462
0.0564144 0.0203045 0.0199358
-0.0269863 -0.0117425 -0.011369
-0.0202556 -0.00786784 0.000106065
0.0601682 0.0322769 0.00943507
-0.00979891 -0.0104159 -0.00525536
-0.0353336 -0.0177479 -6.26739e-005
0.0535164 0.0327056 -0.0082211
0.0152064 -0.00118053 -0.000976154
-0.0473236 -0.0274012 0.00723648
0.0356377 0.0177587 -0.0228139
0.0451206 0.0123267 -0.00561789
-0.0546833 -0.0317564 0.021901
0.00738228 -0.00826924 -0.0229129
0.077671 0.0221939 -0.0222427
-0.0573191 -0.0264045 0.0407546
-0.0301787 -0.0335576 -0.00130128
0.111604 0.0197761 -0.0477919
-0.0553541 -0.00901168 0.0576586
-0.075992 -0.0425775 0.040616
0.146349 -0.000221988 -0.0741446
-0.0484888 0.0188663 0.0650655
-0.129103 -0.022096 0.0915286
0.181416 -0.0377994 -0.0910245
-0.0360861 0.051152 0.0568
-0.18853 0.0331204 0.132855
0.216069 -0.0874906 -0.088957
-0.0176095 0.0786385 0.0308515
-0.253144 0.117112 0.144166
0.249342 -0.139364 -0.0617702
0.00713333 0.0918344 -0.00936529
-0.321623 0.212896 0.109484
0.280225 -0.180949 -0.0084552
0.0379717 0.0839004 -0.0556163
-0.392478 0.295819 0.0227005
0.30785 -0.199863 0.0659947
0.0744489 0.0527478 -0.0967878
-0.464152 0.339249 -0.109279
0.331588 -0.186593 0.151066
0.115897 0.00195367 -0.121494
-0.535135 0.321257 -0.266551
0.351078 -0.136742 0.232411
0.161486 -0.0595827 -0.120813
-0.604087 0.230611 -0.419509
0.366224 -0.052341 0.294329
0.210267 -0.119204 -0.0906374
-0.669924 0.0705737 -0.534677
0.377155 0.0579754 0.322552
0.26122 -0.163046 -0.0331191
-0.731857 -0.140409 -0.581732
0.384184 0.179913 0.306914
0.313313 -0.179076 0.0432086
-0.78939 -0.37129 -0.540122
0.387756 0.295478 0.243485
0.365573 -0.159947 0.124763
-0.842279 -0.583678 -0.403889
0.388384 0.385701 0.13579
0.417131 -0.104957 0.195464
-0.890477 -0.738669 -0.183741
0.386595 0.433703 -0.00513713
0.467256 -0.0206588 0.239951
-0.934066 -0.803908 0.0939532
0.382886 0.427624 -0.161942
0.515371 0.080056 0.246764
-0.973207 -0.759586 0.391001
0.377693 0.362913 -0.313256
0.561042 0.18019 0.21079
-1.00809 -0.602345 0.663314
0.371372 0.243569 -0.436796
0.603962 0.26171 0.134507
-1.03892 -0.346485 0.867878
0.3642 0.0820801 -0.51277
0.643929 0.308832 0.0277923
-1.06587 -0.0223471 0.969624
0.356384 -0.101982 -0.527084
0.680826 0.310905 -0.0936101
-1.0891 0.327831 0.94712
0.348071 -0.284539 -0.473794
0.714592 0.264389 -0.210641
-1.10876 0.655902 0.79626
0.339364 -0.44039 -0.356435
0.745207 0.173649 -0.304025
-1.12494 0.914757 0.531441
0.330336 -0.546913 -0.187953
0.772675 0.0504689 -0.35741
-1.13772 1.06524 0.184077
0.321035 -0.587546 0.010762
0.797006 -0.08758 -0.360063
-1.14709 1.08209 -0.201344
0.311495 -0.55452 0.2136
0.818198 -0.21967 -0.308781
-1.15304 0.958111 -0.573175
0.301735 -0.450438 0.392863
0.836214 -0.324796 -0.208737
-1.15546 0.705924 -0.879759
0.291758 -0.288395 0.523349
0.850964 -0.385036 -0.073164
-1.15419 0.35703 -1.07691
0.28155 -0.090527 0.586338
0.862284 -0.388573 0.078175
-1.14903 -0.0419129 -1.13476
0.271073 0.114966 0.572894
0.869939 -0.33208 0.221636
-1.13972 -0.435244 -1.04291
0.260251 0.298058 0.485882
0.873638 -0.222031 0.333242
-1.12593 -0.766263 -0.81317
0.248954 0.431867 0.340168
0.87306 -0.0745728 0.392741
-1.10721 -0.986058 -0.479011
0.236975 0.497601 0.160693
0.867874 0.0863039 0.387588
-1.08295 -1.06197 -0.0916079
0.224024 0.488523 -0.0215965
0.857752 0.232302 0.316146
-1.05231 -0.984333 0.287621
0.209723 0.411957 -0.175538
0.842359 0.3358 0.189309
-1.01418 -0.769941 0.597254
0.193607 0.28845 -0.276323
0.821358 0.375608 0.0298261
-0.967177 -0.460958 0.787639
0.17513 0.147647 -0.311333
0.794372 0.342418 -0.131153
-0.909794 -0.118152 0.832021
0.153666 0.0214107 -0.283383
0.760884 0.242501 -0.260276
-0.840718 0.19134 0.733996
0.128573 -0.0640585 -0.210017
0.720033 0.0980826 -0.330049
-0.759259 0.409565 0.528091
0.0994368 -0.0948699 -0.118933
0.670508 -0.056718 -0.326976
-0.665746 0.502296 0.272141
0.0666992 -0.0734698 -0.040686
0.610994 -0.184638 -0.257146
-0.561562 0.468031 0.0327919
0.0328539 -0.0193046 0.00074929
0.541552 -0.257322 -0.146112
-0.448591 0.338766 -0.13156
0.00345926 0.036912 -0.00109737
0.465307 -0.266099 -0.0302006
-0.329087 0.172511 -0.188287
-0.0136913 0.0674692 -0.0296052
0.388249 -0.223281 0.0569463
-0.196274 0.0257162 -0.140294
-0.01085 0.0683393 -0.0545108
0.3081 -0.153 0.0910786
-0.000395351 -0.0845654 -0.00508447
0.0321655 0.0389749 -0.0572778
0.174242 -0.0989461 -0.00768683
0.00106125 -0.00262025 -0.0219639
-0.0133534 0.00748692 0.0185825
-0.00135588 -0.0219585 0.0150865
0.0235386 -0.00748924 0.00616967
-0.0305795 0.00135544 -0.0106415
0.00544688 -0.000469091 0.0152131
0.039893 0.00290947 0.0181873
-0.0358906 -0.00766045 -0.0143153
-0.00365125 0.000715041 0.00625569
0.0548421 0.018483 0.0205624
-0.0302595 -0.0119813 -0.0121339
-0.0167746 -0.00572428 0.000926886
0.0605069 0.0315125 0.0116325
-0.0154468 -0.0119503 -0.00618299
-0.0316786 -0.014932 -0.00023964
0.056611 0.034375 -0.00543861
0.00726211 -0.00419642 -0.000972204
-0.0441011 -0.0246209 0.00562894
0.0420335 0.0223471 -0.021413
0.0352474 0.00853348 -0.00353865
-0.0524162 -0.0299126 0.018902
0.0173137 -0.00172662 -0.0250715
0.066368 0.0190503 -0.0175615
-0.0564254 -0.0263172 0.0369627
-0.0167465 -0.0274424 -0.00839938
0.099401 0.0188624 -0.0409651
-0.056192 -0.0110821 0.0541816
-0.0593005 -0.0399904 0.0288332
0.13377 0.00219726 -0.0665098
-0.051383 0.0149644 0.0632211
-0.109557 -0.0257316 0.0772035
0.16898 -0.0318255 -0.0843695
-0.0413024 0.0465376 0.0576083
-0.166671 0.0220588 0.119531
0.204286 -0.0787072 -0.0849788
-0.0253067 0.0749324 0.0345604
-0.229631 0.0995215 0.135749
0.23869 -0.129285 -0.0615979
-0.0030577 0.0906268 -0.00348057
-0.297209 0.191697 0.109026
0.271118 -0.17146 -0.0123513
0.0254348 0.0862022 -0.0491046
-0.367979 0.275226 0.0314257
0.300604 -0.19275 0.058693
0.0598694 0.0586203 -0.0915969
-0.440401 0.323638 -0.0924154
0.326404 -0.183118 0.141773
0.0997124 0.0104199 -0.119418
-0.51293 0.313983 -0.24464
0.348038 -0.137371 0.22296
0.144239 -0.050332 -0.122971
-0.584137 0.233125 -0.396901
0.365287 -0.0566535 0.286562
0.192568 -0.111371 -0.0971286
-0.652803 0.0820751 -0.515888
0.378174 0.0511957 0.317932
0.243707 -0.158665 -0.0429362
-0.717973 -0.122746 -0.570348
0.386918 0.172428 0.306205
0.296617 -0.179485 0.0319756
-0.778976 -0.351605 -0.537983
0.391889 0.289235 0.246572
0.350281 -0.165415 0.114483
-0.835403 -0.566452 -0.410721
0.393553 0.382414 0.141673
0.403758 -0.114588 0.188391
-0.887071 -0.727722 -0.197275
0.392414 0.434476 0.00184239
0.456229 -0.0325847 0.237679
-0.933964 -0.801599 0.0774364
0.388978 0.432696 -0.155931
0.507017 0.0682394 0.249843
-0.976179 -0.766354 0.375856
0.38371 0.371573 -0.310235
0.555589 0.170864 0.218614
-1.01388 -0.616655 0.653633
0.377016 0.254257 -0.43833
0.601543 0.256702 0.145474
-1.04725 -0.365163 0.866684
0.369236 0.0926484 -0.519658
0.644592 0.309042 0.0396903
-1.07646 -0.0411911 0.978299
0.360638 -0.0939076 -0.53917
0.684538 0.31616 -0.0831122
-1.10165 0.313275 0.96515
0.351423 -0.281159 -0.489942
0.721253 0.273542 -0.203519
-1.12294 0.649554 0.82131
0.341739 -0.443352 -0.374653
0.754649 0.184858 -0.301542
-1.14037 0.91933 0.559727
0.33169 -0.557001 -0.20566
0.784665 0.0615719 -0.359933
-1.15396 1.08178 0.210953
0.321347 -0.604487 -0.00362967
0.811248 -0.0786764 -0.367052
-1.16368 1.10976 -0.180688
0.310762 -0.576944 0.205126
0.834329 -0.214661 -0.318919
-1.16946 0.994281 -0.563
0.299977 -0.475999 0.392279
0.853812 -0.324742 -0.220153
-1.17125 0.746457 -0.883146
0.289031 -0.314061 0.531638
0.869558 -0.39022 -0.0836987
-1.16895 0.396794 -1.09527
0.277957 -0.113003 0.603256
0.88138 -0.398447 0.070691
-1.16252 -0.00839768 -1.16753
0.266782 0.0987364 0.596913
0.88905 -0.345284 0.219092
-1.15189 -0.413066 -1.08748
0.2555 0.290376 0.514337
0.892329 -0.236497 0.336955
-1.13694 -0.759354 -0.86507
0.244046 0.433838 0.369622
0.890988 -0.0877291 0.403171
-1.11746 -0.996485 -0.532396
0.232263 0.508861 0.187478
0.884833 0.0771846 0.40411
-1.09301 -1.08941 -0.140022
0.219867 0.50722 -0.000726305
0.873697 0.229631 0.33696
-1.06286 -1.02585 0.250221
0.206435 0.435035 -0.16277
0.857414 0.341124 0.211577
-1.02585 -0.820245 0.575373
0.191396 0.312226 -0.272314
0.835789 0.389117 0.0500976
-0.980415 -0.513199 0.783236
0.174042 0.168587 -0.315061
0.808531 0.362684 -0.11625
-0.924702 -0.1652 0.843929
0.153559 0.0369124 -0.292399
0.775107 0.266595 -0.253211
-0.856967 0.155366 0.758033
0.129124 -0.0550939 -0.221066
0.734522 0.12215 -0.331674
-0.776088 0.387937 0.557986
0.100197 -0.0918392 -0.128804
0.685218 -0.0365125 -0.336184
-0.682074 0.494938 0.301093
0.0671881 -0.0743289 -0.047081
0.625576 -0.17104 -0.271122
-0.576204 0.4717 0.0552514
0.032707 -0.0213065 -0.00145938
0.555409 -0.251184 -0.161217
-0.460496 0.348141 -0.118419
0.00259188 0.0361054 -0.00010217
0.47779 -0.266267 -0.0432246
-0.33761 0.18203 -0.183912
-0.0149992 0.068763 -0.0273605
0.398891 -0.227241 0.0477775
-0.200877 0.031144 -0.141563
-0.0119439 0.0712051 -0.0525003
0.316525 -0.157811 0.0859137
0.000303516 -0.0859621 -0.00855243
0.0324517 0.042258 -0.0567482
0.179018 -0.0995901 -0.0120656
0.000773463 -0.0015204 -0.0221253
-0.0131948 0.00720426 0.0189154
-0.00135353 -0.0220897 0.0146402
0.0221125 -0.00768428 0.00528504
-0.0303673 0.001675 -0.0103204
0.00633479 -0.000534502 0.0156392
0.0382937 0.00190013 0.0176262
-0.0364305 -0.00728471 -0.0144012
-0.00205971 0.00128302 0.00696641
0.0536891 0.0171637 0.0209679
-0.0320305 -0.0119577 -0.0126724
-0.0146782 -0.00450031 0.00142305
0.0604245 0.0308048 0.0131601
-0.0186589 -0.0127292 -0.00688739
-0.0294123 -0.0132516 -0.000391705
0.0581335 0.0352274 -0.00338947
0.00260984 -0.00593365 -0.00112943
-0.0420231 -0.0229551 0.00452314
0.0455388 0.0251451 -0.0201272
0.0293333 0.00627584 -0.0023804
-0.0508457 -0.0288759 0.016858
0.022998 0.00244076 -0.0260209
0.0594631 0.0172115 -0.0147148
-0.055624 -0.0264796 0.0343785
-0.0088511 -0.0234557 -0.0125657
0.0918128 0.018512 -0.0367193
-0.056392 -0.0127388 0.0518116
-0.0492948 -0.0382729 0.0215479
0.125819 0.00410244 -0.0617747
-0.0528058 0.0120114 0.0619864
-0.0976514 -0.0281593 0.0682007
0.160999 -0.0275018 -0.080401
-0.0441434 0.0430499 0.0582576
-0.153167 0.014594 0.11124
0.196612 -0.0725039 -0.0830037
-0.0297038 0.0720648 0.0373255
-0.21491 0.0876017 0.130934
0.231649 -0.122335 -0.0624503
-0.0090641 0.0895673 0.000933972
-0.28172 0.177402 0.109918
0.265 -0.165215 -0.0162157
0.0178659 0.0877658 -0.0441449
-0.352223 0.261666 0.0389529
0.29564 -0.188613 0.0523642
0.0508866 0.0629367 -0.0875554
-0.424908 0.314138 -0.0790298
0.322753 -0.182093 0.13415
0.0895593 0.0168162 -0.117709
-0.498235 0.31116 -0.227796
0.345784 -0.139815 0.215576
0.133239 -0.0432184 -0.124541
-0.570746 0.238143 -0.380067
0.36444 -0.0621783 0.280985
0.181104 -0.105276 -0.102147
-0.641162 0.0942869 -0.502756
0.378674 0.0436653 0.315427
0.2322 -0.155266 -0.0506876
-0.708442 -0.105691 -0.563929
0.388644 0.164465 0.307455
0.2855 -0.179957 0.0229749
-0.771805 -0.33324 -0.539892
0.394666 0.28261 0.251501
0.339973 -0.170104 0.106157
-0.83073 -0.550707 -0.420788
0.397162 0.378747 0.149415
0.394647 -0.122883 0.182656
-0.884923 -0.718081 -0.213572
0.396606 0.434891 0.0108653
0.448653 -0.043025 0.235984
-0.934275 -0.800365 0.0582063
0.393487 0.437564 -0.147557
0.501252 0.0576488 0.25282
-0.978817 -0.774175 0.357703
0.388272 0.380402 -0.304478
0.551846 0.162208 0.225926
-1.01867 -0.63239 0.640501
0.381388 0.265742 -0.436833
0.599965 0.2517 0.15589
-1.05398 -0.386077 0.861706
0.373205 0.104868 -0.523423
0.645259 0.30869 0.0513603
-1.08491 -0.0634363 0.983215
0.364034 -0.0831925 -0.54836
0.687469 0.32055 -0.0722621
-1.1116 0.293996 0.979975
0.354122 -0.274152 -0.503811
0.726407 0.28188 -0.19537
-1.13412 0.637263 0.844302
0.343656 -0.441872 -0.391607
0.761932 0.195652 -0.297441
-1.15247 0.917107 0.587634
0.332771 -0.562174 -0.223444
0.793923 0.0729393 -0.360478
-1.16662 1.09125 0.239491
0.321561 -0.616513 -0.019626
0.822265 -0.068679 -0.372035
-1.17648 1.13082 -0.156209
0.310093 -0.59499 0.193524
0.846824 -0.207732 -0.32739
-1.18196 1.02502 -0.547002
0.298426 -0.49824 0.387258
0.867441 -0.322099 -0.23058
-1.183 0.783401 -0.879138
0.286621 -0.337887 0.53458
0.883919 -0.392434 -0.094172
-1.17957 0.435297 -1.10531
0.274751 -0.13537 0.614455
0.896039 -0.405346 0.0622188
-1.17175 0.0264321 -1.19185
0.262895 0.0808369 0.615441
0.903573 -0.355914 0.214545
-1.15965 -0.387029 -1.12432
0.251118 0.279413 0.538114
0.906318 -0.249162 0.337842
-1.14339 -0.746361 -0.910781
0.23943 0.431285 0.395704
0.904136 -0.100145 0.41028
-1.12299 -0.999195 -0.581818
0.227732 0.514882 0.212533
0.896959 0.0675931 0.417241
-1.09823 -1.10831 -0.187162
0.21577 0.520585 0.020178
0.884785 0.225291 0.354784
-1.06849 -1.05898 0.211253
0.203095 0.453323 -0.148326
0.867622 0.343781 0.231706
-1.0326 -0.863319 0.549306
0.189043 0.332295 -0.265361
0.845426 0.399342 0.0694402
-0.988803 -0.560233 0.772647
0.172755 0.187242 -0.315146
0.817997 0.379571 -0.100878
-0.934926 -0.209627 0.848602
0.153226 0.0516009 -0.297728
0.784793 0.287799 -0.244337
-0.868773 0.119321 0.774923
0.129454 -0.0457234 -0.228984
0.744681 0.14434 -0.330481
-0.788782 0.363967 0.581901
0.100768 -0.0876807 -0.136489
0.695856 -0.016856 -0.342125
-0.694637 0.483837 0.32599
0.0675508 -0.0739342 -0.0523149
0.636396 -0.156669 -0.282035
-0.587515 0.471323 0.0758098
0.032523 -0.0224238 -0.0032909
0.565865 -0.243293 -0.174015
-0.469585 0.354176 -0.105393
0.00178793 0.0356007 0.000913453
0.487271 -0.264253 -0.0549587
-0.343929 0.18949 -0.178672
-0.0161727 0.0698953 -0.0250769
0.406941 -0.229138 0.0389849
-0.204105 0.0358962 -0.141944
-0.0129481 0.0736886 -0.0502965
0.322818 -0.161042 0.0805727
0.00103398 -0.0867269 -0.0118947
0.0325281 0.0452332 -0.0558312
0.182611 -0.0992874 -0.0161377
0.000611533 -0.000611747 -0.0222038
-0.0130826 0.00684121 0.0191782
-0.00134349 -0.0223008 0.0141175
0.0212275 -0.00780845 0.00465358
-0.0301774 0.00195731 -0.0100788
0.0068456 -0.000752332 0.0158596
0.0372721 0.00114738 0.0172395
-0.03667 -0.00691107 -0.0144867
-0.00112247 0.00152352 0.00740411
0.0528863 0.01614 0.0212933
-0.0329974 -0.0117865 -0.0130887
-0.0134111 -0.00380519 0.0017075
0.0602259 0.0301644 0.0143264
-0.0205013 -0.0130818 -0.00745033
-0.0280084 -0.012238 -0.000561216
0.0588741 0.0356546 -0.00178403
-0.000130686 -0.006934 -0.00134481
-0.0406949 -0.0219609 0.0036815
0.0474717 0.0269351 -0.0189775
0.0257793 0.00492695 -0.00171216
-0.0497877 -0.0283481 0.0153605
0.026271 0.0052094 -0.0263662
0.0552423 0.0161745 -0.0129056
-0.0549992 -0.0268336 0.0325201
-0.00418859 -0.0207898 -0.015108
0.0871017 0.0185457 -0.0339878
-0.056349 -0.0141898 0.0501465
-0.0432777 -0.0371884 0.0168715
0.120811 0.00574954 -0.0587925
-0.0534915 0.00960848 0.0611943
-0.0903855 -0.0299986 0.0623946
0.155904 -0.0241425 -0.0781021
-0.0456947 0.0402596 0.0589019
-0.144819 0.00919205 0.106073
0.19165 -0.0678662 -0.0823096
-0.0322275 0.0697594 0.0395962
-0.205701 0.0790859 0.128447
0.227039 -0.117321 -0.0639882
-0.0126185 0.0886704 0.00449665
-0.271915 0.167363 0.111779
0.26094 -0.160995 -0.0201021
0.0132829 0.0889427 -0.0401292
-0.342127 0.252521 0.0458507
0.292296 -0.186336 0.0466116
0.0453423 0.0663368 -0.0842397
-0.414853 0.308514 -0.0677454
0.320247 -0.182589 0.127544
0.0831846 0.0219493 -0.11625
-0.488569 0.311164 -0.214097
0.34419 -0.143371 0.20946
0.126223 -0.0374266 -0.125761
-0.561818 0.244725 -0.366849
0.363786 -0.0684336 0.276749
0.173683 -0.100255 -0.106255
-0.6333 0.106887 -0.493163
0.378945 0.0356926 0.314215
0.224645 -0.15245 -0.0571534
-0.701935 -0.089109 -0.560595
0.389784 0.156223 0.309906
0.278101 -0.180412 0.0153563
-0.766885 -0.315801 -0.544285
0.396582 0.27576 0.257575
0.333026 -0.174226 0.0990206
-0.82756 -0.53598 -0.432826
0.399728 0.374848 0.158337
0.388438 -0.130249 0.177699
-0.883592 -0.70933 -0.231569
0.399667 0.435086 0.0212173
0.443445 -0.0524412 0.234566
-0.934803 -0.799867 0.0372554
0.396865 0.442322 -0.137612
0.49728 0.0479076 0.255633
-0.981162 -0.782739 0.337573
0.391779 0.389386 -0.29688
0.549301 0.154032 0.232818
-1.02274 -0.649151 0.625041
0.384835 0.277821 -0.433279
0.599 0.246739 0.165881
-1.05965 -0.408605 0.854137
0.376419 0.118272 -0.525067
0.645977 0.308009 0.0628456
-1.09204 -0.088127 0.98553
0.366863 -0.0706147 -0.555589
0.689929 0.32442 -0.0611828
-1.11998 0.271337 0.992563
0.356441 -0.264615 -0.516144
0.730619 0.289746 -0.186518
-1.14352 0.620736 0.865836
0.345368 -0.437317 -0.407715
0.767853 0.206263 -0.292225
-1.16261 0.910051 0.615234
0.333802 -0.563955 -0.241291
0.801455 0.0845954 -0.359664
-1.17716 1.0957 0.269129
0.321854 -0.625146 -0.0367178
0.831242 -0.0578307 -0.375644
-1.18702 1.14716 -0.129137
0.309606 -0.610002 0.179791
0.857014 -0.199407 -0.334722
-1.19207 1.05187 -0.527024
0.297129 -0.51816 0.379204
0.878542 -0.317632 -0.240327
-1.19224 0.817756 -0.870051
0.28451 -0.360393 0.533851
0.895574 -0.392598 -0.104587
-1.18757 0.472852 -1.10962
0.271861 -0.157606 0.621703
0.907852 -0.410222 0.0531089
-1.17827 0.0621313 -1.21033
0.259317 0.0618353 0.630149
0.915143 -0.364818 0.208691
-1.16461 -0.358318 -1.15581
0.247017 0.266224 0.558612
0.917285 -0.260651 0.336879
-1.14697 -0.729105 -0.952195
0.235048 0.425632 0.419393
0.91422 -0.112129 0.415212
-1.12561 -0.996459 -0.628475
0.22338 0.517293 0.236317
0.906009 0.0575845 0.428154
-1.10052 -1.12115 -0.233394
0.211795 0.530262 0.0410186
0.89281 0.21969 0.370664
-1.07119 -1.0861 0.17123
0.19982 0.46828 -0.132828
0.874804 0.344469 0.250478
-1.03644 -0.901123 0.520365
0.186705 0.349759 -0.256491
0.852099 0.407151 0.0882606
-0.994337 -0.603343 0.757783
0.171438 0.20424 -0.312833
0.824582 0.393956 -0.0850654
-0.942367 -0.251874 0.848247
0.152831 0.0656179 -0.30062
0.791698 0.306822 -0.234099
-0.877897 0.083625 0.786801
0.129703 -0.0362054 -0.234821
0.752179 0.165032 -0.327227
-0.798928 0.338778 0.601555
0.10126 -0.0828791 -0.142709
0.703974 0.0022039 -0.34569
-0.704834 0.470517 0.347903
0.0678609 -0.0727905 -0.0567596
0.644861 -0.14199 -0.290705
-0.596703 0.468449 0.094837
0.0323403 -0.0230132 -0.00485889
0.57417 -0.234408 -0.185077
-0.476875 0.35811 -0.0926602
0.00105272 0.0352559 0.00194498
0.494837 -0.260922 -0.0656469
-0.34885 0.195647 -0.173009
-0.0172285 0.0708898 -0.0227732
0.413335 -0.229761 0.0306049
-0.206476 0.0402309 -0.141809
-0.013864 0.0758919 -0.0479706
0.327754 -0.163293 0.0752442
0.00176203 -0.0870717 -0.0151328
0.0324945 0.0479708 -0.0546527
0.185455 -0.0984112 -0.0199267
0.000520543 0.000179315 -0.0222318
-0.0130025 0.00642019 0.0193962
-0.00133185 -0.022561 0.0135456
0.0206824 -0.00790192 0.00418094
-0.0300229 0.00222443 -0.00989032
0.00713471 -0.00106163 0.015957
0.0366239 0.000535162 0.016974
-0.0367573 -0.00653026 -0.0145796
-0.000577012 0.00156978 0.00767329
0.0523373 0.0152879 0.0215925
-0.0335095 -0.0115229 -0.0134355
-0.0126524 -0.00342442 0.00185165
0.0600113 0.0295699 0.0152909
-0.0215407 -0.0131782 -0.00792281
-0.0271455 -0.0116252 -0.000759864
0.0592016 0.0358388 -0.000447465
-0.00172502 -0.00748995 -0.00157807
-0.0398523 -0.0213771 0.00297961
0.0485082 0.028127 -0.0179348
0.0236663 0.00413423 -0.00131421
-0.049083 -0.02814 0.0141784
0.0281231 0.00712522 -0.0263903
0.0526869 0.0156418 -0.0116992
-0.0545328 -0.0273214 0.0310968
-0.00147187 -0.018959 -0.0167141
0.0842027 0.0188412 -0.032161
-0.0562151 -0.0155343 0.04892
-0.039699 -0.0365497 0.01375
0.117683 0.0072707 -0.0568817
-0.0537863 0.00752948 0.0606975
-0.085993 -0.0315519 0.0585427
0.152674 -0.0213485 -0.0768459
-0.046512 0.0378983 0.0595768
-0.139701 0.0049908 0.102863
0.188461 -0.0641774 -0.0824353
-0.0336468 0.0678155 0.0415943
-0.199979 0.0726307 0.127467
0.224034 -0.113499 -0.065985
-0.0146925 0.0878957 0.00755378
-0.265744 0.159956 0.114322
0.258256 -0.158029 -0.0240368
0.010537 0.0898973 -0.03669
-0.335688 0.246141 0.0524298
0.290051 -0.185209 0.0411812
0.0419474 0.069173 -0.0813708
-0.408349 0.305334 -0.057714
0.318533 -0.18402 0.121528
0.0792054 0.0262916 -0.114938
-0.482223 0.312949 -0.202314
0.34307 -0.147607 0.204073
0.121764 -0.0324609 -0.12674
-0.555861 0.252278 -0.355834
0.363296 -0.0751398 0.273272
0.168884 -0.0958857 -0.109762
-0.627967 0.119716 -0.4857
0.379091 0.0274265 0.313723
0.219677 -0.14995 -0.0627882
-0.697448 -0.0728223 -0.559074
0.390548 0.147758 0.313025
0.273155 -0.18078 0.00860559
-0.763445 -0.298901 -0.550101
0.397921 0.268686 0.264302
0.328306 -0.177899 0.092593
-0.825334 -0.521792 -0.445984
0.401572 0.370693 0.167976
0.384153 -0.136939 0.173149
-0.882705 -0.700986 -0.250577
0.401924 0.435016 0.03244
0.439803 -0.0611443 0.233203
-0.935335 -0.799658 0.0151797
0.399422 0.446891 -0.126573
0.494474 0.038731 0.258204
-0.983149 -0.791615 0.316036
0.394508 0.39838 -0.287946
0.547511 0.146142 0.239311
-1.02617 -0.666474 0.607837
0.3876 0.290251 -0.428197
0.598379 0.241745 0.175502
-1.06449 -0.432187 0.844563
0.379083 0.132485 -0.525107
0.646651 0.307033 0.0741666
-1.09817 -0.114547 0.985785
0.369298 -0.0567039 -0.561313
0.691988 0.327871 -0.0499379
-1.12727 0.246196 1.00333
0.358529 -0.253231 -0.527277
0.734112 0.297249 -0.177131
-1.15175 0.601031 0.886112
0.347004 -0.430493 -0.423128
0.772779 0.216744 -0.286155
-1.17151 0.89932 0.642431
0.334891 -0.563216 -0.25911
0.807753 0.0964858 -0.357805
-1.18636 1.09629 0.299424
0.32231 -0.63124 -0.0545473
0.838784 -0.0463208 -0.378193
-1.19612 1.15984 -0.100272
0.309352 -0.62272 0.164548
0.865597 -0.190012 -0.341168
-1.20063 1.07568 -0.504182
0.296106 -0.536292 0.368957
0.887893 -0.311783 -0.249526
-1.19982 0.850024 -0.857243
0.282686 -0.381843 0.53043
0.905358 -0.391222 -0.114911
-1.19381 0.50956 -1.10968
0.269247 -0.179664 0.626021
0.917697 -0.41359 0.0435814
-1.18293 0.0983776 -1.22444
0.255991 0.0420892 0.641997
0.924676 -0.372449 0.20193
-1.16767 -0.327666 -1.18327
0.243135 0.251437 0.576627
0.926169 -0.271284 0.334612
-1.14863 -0.708668 -0.990356
0.230853 0.417712 0.441246
0.922201 -0.123821 0.4186
-1.12631 -0.989606 -0.67302
0.219186 0.517041 0.259092
0.912962 0.0472214 0.437489
-1.1009 -1.12937 -0.278904
0.207948 0.537207 0.0617414
0.898767 0.213089 0.385171
-1.07202 -1.1086 0.130451
0.196648 0.480762 -0.116624
0.879967 0.343609 0.268312
-1.03846 -0.934826 0.489304
0.184442 0.365271 -0.246282
0.856815 0.413061 0.106768
-0.998094 -0.64333 0.739746
0.170167 0.219975 -0.308834
0.829282 0.406366 -0.0688453
-0.948065 -0.292272 0.844144
0.152452 0.0790788 -0.301794
0.796793 0.324101 -0.222766
-0.885313 0.0484354 0.794926
0.129942 -0.0266575 -0.239191
0.757944 0.18448 -0.322363
-0.807419 0.31294 0.617989
0.10173 -0.0776919 -0.147897
0.710437 0.0206824 -0.347416
-0.713464 0.455796 0.367514
0.0681584 -0.0711786 -0.0606486
0.651768 -0.127226 -0.297634
-0.604468 0.463938 0.112618
0.032179 -0.0232801 -0.00624189
0.581035 -0.224933 -0.194771
-0.482954 0.360652 -0.0802647
0.000386294 0.0349846 0.00298597
0.501114 -0.256753 -0.0754743
-0.352837 0.200946 -0.167137
-0.0181801 0.0717568 -0.020456
0.418613 -0.229558 0.0226178
-0.208288 0.0443074 -0.141353
-0.0146967 0.0778735 -0.0455572
0.33178 -0.164909 0.0700048
0.00247135 -0.087115 -0.0182875
0.032405 0.0505165 -0.0532812
0.1878 -0.097171 -0.0234636
