-2.60199e-006 -0.00999987 1.77768e-005
-0.00298151 -0.0324132 0.012854
0.000785406 -0.0325665 -0.0128712
0.0247037 -0.0106121 0.00403684
0.0212401 -0.0269777 0.0239396
0.0255132 -0.0362907 4.29302e-005
0.0493192 -0.00971318 0.00861066
0.0452889 -0.0179352 0.0329441
0.0501695 -0.0351225 0.0140551
0.0738088 -0.00692654 0.0131999
0.0691526 -0.00600962 0.0387627
0.0747524 -0.0287022 0.0273746
0.0981298 -0.00206283 0.0169894
0.0928442 0.0077736 0.0404691
0.0992679 -0.0173013 0.0380247
0.122236 0.00466914 0.0189449
0.116399 0.022057 0.0373728
0.12372 -0.00198484 0.044035
0.14609 0.0124655 0.0180602
0.139846 0.0351228 0.0291801
0.148081 0.0152849 0.04383
0.16967 0.0199518 0.0137723
0.163175 0.0450034 0.016268
0.17228 0.0318317 0.0367517
0.192972 0.0255254 0.00629197
0.186345 0.0498403 -0.000100793
0.196228 0.0448163 0.0234167
0.216007 0.027831 -0.00337882
0.209316 0.0483725 -0.0178454
0.219864 0.0519042 0.00565467
0.238792 0.0261132 -0.0137048
0.232068 0.0402992 -0.0344302
0.24317 0.0517412 -0.0138925
0.261352 0.020354 -0.0229744
0.254605 0.0263853 -0.0473484
0.266165 0.0441473 -0.0322867
0.283713 0.0112368 -0.0296283
0.276944 0.00833773 -0.0545636
0.288882 0.0300829 -0.0467781
0.3059 2.0557e-007 -0.0325132
0.299107 -0.0114702 -0.0548355
0.311359 0.011459 -0.0552046
0.327935 -0.0117743 -0.0310468
0.321117 -0.0303587 -0.0479032
0.333631 -0.00916391 -0.0562805
0.349837 -0.0224059 -0.0252911
0.342994 -0.0457293 -0.0345206
0.355729 -0.0289455 -0.0497559
0.371625 -0.0303592 -0.0159338
0.364755 -0.0554319 -0.0163494
0.377679 -0.045159 -0.0364353
0.393312 -0.0344619 -0.00418443
0.386417 -0.0580627 0.0042692
0.399502 -0.0555616 -0.0180581
0.41491 -0.0340672 0.00839683
0.40799 -0.0531592 0.0246329
0.421216 -0.0586942 0.00294351
0.43643 -0.0291433 0.0201162
0.429487 -0.0412672 0.0420433
0.442835 -0.054075 0.0237741
0.457881 -0.0202787 0.0293789
0.450915 -0.0238715 0.0541693
0.464372 -0.0422619 0.0416513
0.479269 -0.00860379 0.0349071
0.472282 -0.0032026 0.0593611
0.485835 -0.0247768 0.0541771
0.500603 0.00436081 0.0359144
0.493594 0.0180571 0.0568738
0.507233 -0.00390293 0.0596578
0.521886 0.0169072 0.0322139
0.514858 0.0371273 0.0469707
0.528573 0.0176183 0.0573291
0.543124 0.0273687 0.0242466
0.536078 0.051497 0.0308937
0.549862 0.0369501 0.0474584
0.56432 0.0343432 0.0130247
0.557257 0.0592577 0.0107039
0.571104 0.051536 0.0313108
0.585479 0.0368809 3.47546e-008
0.5784 0.0593571 -0.0109867
0.592304 0.0594372 0.0109834
0.606604 0.0346131 -0.013127
0.59951 0.0517418 -0.0313555
0.613465 0.0595896 -0.0108701
0.627697 0.0278034 -0.0246316
0.620588 0.0373675 -0.0477401
0.634592 0.0519451 -0.0313876
0.648761 0.0173162 -0.0329931
0.641639 0.018078 -0.0579871
0.655686 0.0374798 -0.047875
0.669798 0.0045043 -0.037096
0.662663 -0.00363305 -0.0607366
0.67675 0.0180673 -0.0581602
0.69081 -0.00896658 -0.036379
0.683663 -0.0249469 -0.0556027
0.697788 -0.0037656 -0.0608791
0.711798 -0.0213364 -0.0309111
0.70464 -0.0430868 -0.043227
0.7188 -0.0251694 -0.0556556
0.732765 -0.0309817 -0.0213851
0.725596 -0.0556813 -0.0251975
0.739788 -0.0433447 -0.0431528
0.753712 -0.0366293 -0.00902832
0.746533 -0.0610749 -0.00384428
0.760755 -0.0559088 -0.0249876
0.77464 -0.0375248 0.00455634
0.767451 -0.0585459 0.018063
0.781702 -0.0612082 -0.00352036
0.795551 -0.0335326 0.0175993
0.788352 -0.0484034 0.0376753
0.802629 -0.0585359 0.0184527
0.816444 -0.0251564 0.0283957
0.809237 -0.0319486 0.0524357
0.823539 -0.0482254 0.0380645
0.837322 -0.0134743 0.0355289
0.830107 -0.0113081 0.0604135
0.844432 -0.0316081 0.0527515
0.858186 1.0871e-008 0.0380564
0.850962 0.0108424 0.0605568
0.865309 -0.0108409 0.0605893
0.879035 0.0135145 0.0356348
0.871804 0.0316249 0.0528315
0.886171 0.0113744 0.0605444
0.899871 0.0253071 0.0285658
0.892633 0.0483342 0.0382279
0.90702 0.0321434 0.0526106
0.920694 0.0338357 0.0177583
0.913449 0.0587905 0.0186329
0.927855 0.0487564 0.0378107
0.941506 0.0379804 0.00461167
0.934254 0.0616237 -0.00341379
0.948678 0.0590422 0.0180641
0.962306 0.0371907 -0.00916667
0.955048 0.0564536 -0.0250493
0.969488 0.0616522 -0.00406225
0.983096 0.031558 -0.0217829
0.975832 0.0439406 -0.0434601
0.990288 0.0562365 -0.0256884
1.00388 0.0218057 -0.031591
0.996606 0.0257013 -0.0562481
1.01108 0.0434911 -0.0439962
1.02465 0.00919552 -0.0373076
1.01737 0.00409927 -0.0617431
1.03186 0.025068 -0.0565971
1.04541 -0.0046359 -0.0381802
1.03812 -0.0180614 -0.0592217
1.05262 0.00336048 -0.0618435
1.06616 -0.0178897 -0.034086
1.05887 -0.0379004 -0.0490018
1.07338 -0.0188078 -0.0590448
1.0869 -0.0288391 -0.0255493
1.07961 -0.0528362 -0.0324034
1.09413 -0.0385505 -0.0485571
1.10764 -0.0360547 -0.0136738
1.10034 -0.0609218 -0.0115769
1.11488 -0.0532948 -0.0317389
1.12836 -0.0385911 2.27186e-009
1.12106 -0.061099 0.0107747
1.13561 -0.0611164 -0.0107739
-0.000424983 -0.00872372 0.00169825
-0.00286712 -0.0331953 0.0101407
0.0002052 -0.0284355 -0.0152396
0.0244564 -0.00974269 0.00468257
0.021579 -0.0293818 0.021488
0.025265 -0.0343165 -0.00378916
0.0492607 -0.00951675 0.00847566
0.0458032 -0.0215483 0.0312656
0.050216 -0.0354829 0.00974359
0.0739286 -0.00755834 0.0126564
0.0697977 -0.0103506 0.0381747
0.0750418 -0.0311889 0.0234993
0.0984028 -0.00352104 0.0164542
0.0935761 0.00321839 0.0410995
0.0997346 -0.0214042 0.0353247
0.122625 0.00255798 0.0188021
0.117177 0.0177754 0.0391741
0.12429 -0.00698296 0.0429749
0.14655 0.010018 0.0185773
0.140638 0.0315284 0.0319483
0.148686 0.0101937 0.0445387
0.170158 0.017552 0.0150432
0.163963 0.0423848 0.0196789
0.172866 0.0273769 0.0390262
0.193457 0.0235306 0.00823402
0.187131 0.0483249 0.00356936
0.196769 0.0415205 0.0268042
0.21647 0.0264997 -0.000978608
0.210117 0.0479234 -0.0142852
0.220363 0.0500164 0.00958566
0.23923 0.0255731 -0.0111246
0.232912 0.0407488 -0.0312719
0.243653 0.0512463 -0.00997331
0.261769 0.0206033 -0.0204971
0.255522 0.0274907 -0.0447713
0.266668 0.0448262 -0.0288238
0.284117 0.0121664 -0.0274957
0.277957 0.00983946 -0.0526303
0.289442 0.0315961 -0.0440541
0.306296 0.00142573 -0.0308962
0.300225 -0.00980098 -0.053512
0.312004 0.0134297 -0.0533292
0.328325 -0.0100766 -0.0300307
0.322338 -0.0286912 -0.047093
0.334375 -0.00707916 -0.0552123
0.350219 -0.0206639 -0.0248745
0.344304 -0.044165 -0.0341021
0.356573 -0.0270077 -0.0493447
0.371991 -0.0287743 -0.0160376
0.366135 -0.0540126 -0.016208
0.378612 -0.043523 -0.036475
0.393653 -0.0331844 -0.00467134
0.387844 -0.0567905 0.004221
0.400507 -0.0542764 -0.0183382
0.415214 -0.0331813 0.00769763
0.409445 -0.0520194 0.0244491
0.422272 -0.0577238 0.00259624
0.436686 -0.0286627 0.0193815
0.430951 -0.0402473 0.0417502
0.443923 -0.053332 0.023471
0.458078 -0.0201522 0.0287657
0.452373 -0.0229728 0.0537789
0.465473 -0.0416443 0.0414359
0.479398 -0.00872946 0.0345314
0.473722 -0.00244027 0.0588856
0.486937 -0.0241986 0.0540367
0.500651 0.00411528 0.0358379
0.495002 0.0186611 0.0563368
0.508322 -0.00331355 0.0595447
0.521843 0.0166821 0.0324392
0.516218 0.037556 0.0464107
0.529636 0.0182291 0.0571855
0.542976 0.0272905 0.0247199
0.537371 0.0517502 0.0303594
0.550882 0.0375593 0.0472373
0.564052 0.0345054 0.0136461
0.558461 0.0593583 0.0102431
0.572062 0.0521012 0.0309877
0.585074 0.0373303 0.000639227
0.57949 0.0593508 -0.0113407
0.593177 0.0599129 0.0105588
0.606043 0.0353416 -0.012612
0.600459 0.0516872 -0.0315966
0.614228 0.0599396 -0.0113765
0.626961 0.0287465 -0.0243738
0.621371 0.037321 -0.0478949
0.635218 0.0521484 -0.0319476
0.647832 0.0183585 -0.0330955
0.642229 0.0180757 -0.058113
0.656149 0.037529 -0.0484618
0.668659 0.00549222 -0.037614
0.66304 -0.00359202 -0.0609088
0.677026 0.0179615 -0.0587551
0.689447 -0.00820658 -0.0373067
0.683808 -0.0249084 -0.055894
0.697856 -0.00403033 -0.0614718
0.710201 -0.0209743 -0.0321746
0.704541 -0.04314 -0.0436831
0.718644 -0.0256073 -0.0562376
0.730926 -0.0311579 -0.0228442
0.725243 -0.0559438 -0.025815
0.739398 -0.0439825 -0.0437068
0.751627 -0.0374299 -0.0104886
0.745919 -0.061667 -0.00455614
0.760123 -0.0567803 -0.0254755
0.772309 -0.0389608 0.00332201
0.766574 -0.0595594 0.0173886
0.780825 -0.0623418 -0.00387578
0.792977 -0.0355285 0.0168215
0.78721 -0.0498695 0.0372204
0.801508 -0.0599372 0.0183246
0.813636 -0.0275503 0.0282747
0.807831 -0.0338149 0.0524034
0.822176 -0.0498599 0.0382775
0.834291 -0.0160322 0.0362018
0.82844 -0.0134303 0.0609883
0.842833 -0.033389 0.0534194
0.854949 -0.00244233 0.039571
0.849042 0.00868977 0.0618636
0.863482 -0.012627 0.0618007
0.875616 0.0114756 0.0379353
0.869644 0.0297191 0.0549013
0.884129 0.00976789 0.062337
0.896302 0.023927 0.0314944
0.890255 0.0469607 0.0409786
0.904781 0.0309217 0.0549512
0.917014 0.0332986 0.0210742
0.910887 0.0581938 0.021872
0.925447 0.0481132 0.0405872
0.937761 0.0383712 0.00802362
0.931548 0.0619631 3.4342e-005
0.946138 0.0591259 0.0210934
0.958549 0.0384819 -0.00595665
0.952249 0.0577724 -0.0217174
0.966862 0.0625378 -0.00101173
0.979383 0.0336165 -0.0190353
0.972994 0.0461552 -0.0405651
0.987625 0.0579105 -0.022864
1.00026 0.0244165 -0.0294913
0.993783 0.0286116 -0.0540557
1.00843 0.0458509 -0.0416256
1.02118 0.0120978 -0.0359423
1.01461 0.00741807 -0.0604226
1.02927 0.0279344 -0.0548566
1.04213 -0.00170722 -0.0375297
1.03546 -0.0146658 -0.0588177
1.05014 0.00650007 -0.0608333
1.0631 -0.0151642 -0.0340343
1.05633 -0.0347532 -0.049427
1.07102 -0.0156519 -0.0587742
1.08406 -0.0264788 -0.0259107
1.07719 -0.0502068 -0.0334536
1.09189 -0.035624 -0.0489471
1.10499 -0.0341358 -0.0142365
1.098 -0.0589893 -0.0129651
1.11272 -0.0508059 -0.0326443
1.12584 -0.0370986 -0.000566457
1.11875 -0.0599119 0.00939038
1.13347 -0.0592158 -0.0119779
-0.000595429 -0.00880919 0.000993274
-0.00318035 -0.0337058 0.00803487
3.80644e-005 -0.0275385 -0.0170221
0.0242664 -0.0101103 0.00402532
0.0212262 -0.0306464 0.0196925
0.0250199 -0.0341726 -0.00580161
0.0490547 -0.0102131 0.00793296
0.045434 -0.0234778 0.0300035
0.0499055 -0.0362086 0.00776464
0.0737145 -0.00860401 0.0123232
0.069437 -0.01278 0.0376295
0.0746888 -0.0327913 0.0218583
0.0981934 -0.00489012 0.0164451
0.0932469 0.000517032 0.0413955
0.0993691 -0.0237652 0.0343235
0.122437 0.000953152 0.0192282
0.116899 0.015075 0.040354
0.123944 -0.00985744 0.0428616
0.146401 0.00832658 0.0195121
0.140424 0.0291181 0.0339539
0.148386 0.00715343 0.0454501
0.170065 0.0159603 0.0164904
0.163821 0.0405264 0.0223424
0.172631 0.0245634 0.0409438
0.193431 0.0222202 0.0101164
0.187063 0.0472017 0.00663064
0.196607 0.0392913 0.0295469
0.21652 0.0256074 0.00119552
0.210124 0.047603 -0.0111332
0.220274 0.0486215 0.0128469
0.239362 0.0251673 -0.00883711
0.233 0.0411756 -0.0283245
0.243636 0.0507876 -0.00655912
0.261989 0.0206805 -0.018275
0.255699 0.0285082 -0.0422607
0.266726 0.0452544 -0.0256098
0.284432 0.0126628 -0.0254901
0.278238 0.0112317 -0.0506939
0.289584 0.0327393 -0.0413215
0.306715 0.00223675 -0.0292126
0.300629 -0.00826213 -0.0521848
0.312246 0.0150413 -0.0512512
0.328855 -0.00907317 -0.0287224
0.322879 -0.0272047 -0.0463211
0.334736 -0.00526653 -0.0538435
0.350865 -0.0195872 -0.0239451
0.344994 -0.0428723 -0.0337703
0.357071 -0.0252342 -0.0486341
0.372754 -0.027724 -0.0154513
0.366975 -0.0529861 -0.0161738
0.379258 -0.0419671 -0.0362955
0.394527 -0.0322313 -0.00436676
0.388826 -0.0560374 0.00409538
0.401303 -0.0530381 -0.0185243
0.416192 -0.0323645 0.00779257
0.410551 -0.0514983 0.0242727
0.423211 -0.0568265 0.00221113
0.437751 -0.0279923 0.0193365
0.432158 -0.0398907 0.0415908
0.444987 -0.0527374 0.0230251
0.459212 -0.0196163 0.0286384
0.453654 -0.0227093 0.053663
0.466641 -0.0412773 0.0410214
0.48058 -0.0083031 0.0343622
0.47505 -0.00221228 0.0588078
0.48818 -0.023974 0.0536957
0.501861 0.00446104 0.0356489
0.496352 0.0188892 0.0562736
0.509614 -0.00315793 0.0592778
0.523059 0.0169729 0.0322366
0.517569 0.037798 0.0463343
0.530953 0.0183637 0.0569673
0.544178 0.0275438 0.0244983
0.538703 0.0520037 0.0302466
0.552202 0.0376926 0.0470337
0.565223 0.0347278 0.0133935
0.559758 0.0596134 0.0100784
0.573367 0.0522304 0.0307699
0.586194 0.0375174 0.000341746
0.580735 0.059595 -0.0115676
0.594449 0.0600226 0.01031
0.607094 0.0354783 -0.0129664
0.601633 0.0519076 -0.0318958
0.61545 0.0600116 -0.0116617
0.627925 0.0288087 -0.0247921
0.622453 0.0375004 -0.0482802
0.636371 0.0521671 -0.0322683
0.648687 0.018314 -0.0335767
0.643197 0.0181856 -0.058601
0.657213 0.0374809 -0.0488174
0.669385 0.00530276 -0.038146
0.663867 -0.0035972 -0.0615128
0.677977 0.01783 -0.059148
0.690023 -0.00858221 -0.0378625
0.684469 -0.0250944 -0.0566125
0.698668 -0.00427183 -0.0619053
0.710604 -0.0215754 -0.0327093
0.705008 -0.0435876 -0.0444862
0.71929 -0.0260002 -0.0567078
0.731136 -0.0320149 -0.023293
0.725491 -0.0567359 -0.0266322
0.73985 -0.0445822 -0.0441905
0.751626 -0.0385555 -0.0107677
0.745925 -0.0628691 -0.00527116
0.760355 -0.057647 -0.0259185
0.772081 -0.0403405 0.00331057
0.766319 -0.0611954 0.0169329
0.780814 -0.0635247 -0.00418561
0.792513 -0.037113 0.0171805
0.786683 -0.0519008 0.0372055
0.801235 -0.0614535 0.0182769
0.81293 -0.0292508 0.0290983
0.807025 -0.0361274 0.0530074
0.821629 -0.0516742 0.0386445
0.833345 -0.0177217 0.0375598
0.82736 -0.0158334 0.0623527
0.842006 -0.0353995 0.054354
0.853772 -0.00396365 0.0414929
0.847702 0.00644738 0.0640602
0.86238 -0.0146628 0.0634256
0.874225 0.0102948 0.0403974
0.868069 0.02792 0.0579065
0.882766 0.00793469 0.0647131
0.894721 0.0232536 0.0344134
0.888479 0.0458787 0.0446623
0.903183 0.0295495 0.0580524
0.915274 0.0332716 0.0243091
0.908952 0.0580506 0.0260035
0.92365 0.0474535 0.044288
0.9359 0.0390793 0.0113871
0.929506 0.0628897 0.00430658
0.944186 0.059382 0.0251733
0.956607 0.0399471 -0.00267855
0.950151 0.0597825 -0.0176491
0.964806 0.0638272 0.00315403
0.9774 0.0357862 -0.0160571
0.970892 0.0491363 -0.0370353
0.98552 0.0602385 -0.0189411
0.998276 0.0271654 -0.0270002
0.991724 0.0323354 -0.0513416
1.00633 0.0491017 -0.0382641
1.01923 0.0152417 -0.034073
1.01263 0.0115685 -0.0587028
1.02722 0.0318808 -0.0523184
1.04023 0.00161033 -0.0363447
1.03359 -0.0104499 -0.0581464
1.04817 0.0108313 -0.0592845
1.06127 -0.0119032 -0.0335148
1.05458 -0.0308297 -0.0497251
1.06916 -0.0112892 -0.0582588
1.08232 -0.0234831 -0.0259582
1.07555 -0.0468815 -0.0345191
1.09015 -0.0315776 -0.0493796
1.10332 -0.0315651 -0.0146859
1.09646 -0.0564756 -0.0145008
1.1111 -0.0473702 -0.0338212
1.12423 -0.0350418 -0.00120752
1.11727 -0.0583028 0.00773923
1.13194 -0.0565946 -0.0136039
-0.000823947 -0.00936146 0.000460914
-0.00341459 -0.0345154 0.00651691
-8.477e-005 -0.0273746 -0.0182656
0.0240243 -0.010761 0.00355519
0.0209344 -0.0318923 0.0183999
0.0248526 -0.034422 -0.00719305
0.0487949 -0.0109974 0.00756924
0.0450873 -0.0251094 0.0290935
0.0496796 -0.0369637 0.00640145
0.0734347 -0.00954102 0.0121296
0.0690443 -0.014694 0.0372362
0.074398 -0.0340727 0.0207318
0.0978945 -0.00596878 0.0164994
0.0928227 -0.00153016 0.0416156
0.0990168 -0.0255089 0.0336461
0.122123 -0.00021408 0.0196074
0.116461 0.0130809 0.0412314
0.123543 -0.0119103 0.0428154
0.146083 0.00716818 0.0202682
0.139993 0.0273838 0.0354621
0.147958 0.005022 0.0461465
0.169755 0.0149374 0.0176262
0.163415 0.0392497 0.0243719
0.1722 0.0226261 0.0423881
0.193144 0.0214593 0.011574
0.186697 0.0465328 0.00899361
0.196196 0.0378097 0.0316259
0.216268 0.0252043 0.00286439
0.20981 0.0476097 -0.00867591
0.219901 0.0477923 0.015346
0.239155 0.0251668 -0.00709837
0.232743 0.0418272 -0.026021
0.243312 0.0507055 -0.00391533
0.261835 0.0210706 -0.0166125
0.255504 0.0296829 -0.0403235
0.266456 0.0458989 -0.0231069
0.284336 0.0133805 -0.0240311
0.278107 0.0127429 -0.0492665
0.289373 0.0339848 -0.0392068
0.30668 0.0031821 -0.0280486
0.300567 -0.00662937 -0.051325
0.312095 0.016686 -0.049697
0.328886 -0.00801923 -0.0279002
0.322893 -0.0256564 -0.0460018
0.334651 -0.00346161 -0.0529268
0.350965 -0.0185444 -0.0234654
0.345089 -0.0415752 -0.0338955
0.357058 -0.0235036 -0.0483354
0.372926 -0.0267967 -0.0152744
0.367159 -0.0520478 -0.0166033
0.379325 -0.0405054 -0.0365142
0.394774 -0.0314961 -0.00442279
0.389104 -0.0555004 0.00351794
0.401458 -0.051976 -0.0191053
0.416512 -0.031864 0.00759018
0.410923 -0.0513444 0.0236943
0.423459 -0.0562204 0.00144591
0.438143 -0.0277335 0.0190772
0.432619 -0.0400545 0.0411298
0.44533 -0.0525737 0.0222466
0.459669 -0.0195747 0.0284019
0.454195 -0.023096 0.0533979
0.467073 -0.0414857 0.0403698
0.481093 -0.00843004 0.0342089
0.475658 -0.00271541 0.0587745
0.488694 -0.024448 0.0532659
0.502419 0.00422828 0.0356144
0.497012 0.018372 0.0564687
0.510197 -0.0037763 0.0591148
0.523649 0.0167006 0.0323293
0.518263 0.0373538 0.0467227
0.531589 0.0177177 0.0570697
0.544787 0.0272919 0.0247018
0.539416 0.0516982 0.0307705
0.552874 0.0371171 0.0473629
0.565837 0.034542 0.0136715
0.560474 0.059487 0.0106654
0.574059 0.0517966 0.0312621
0.586799 0.0374232 0.000644544
0.581439 0.0596622 -0.0109977
0.595146 0.0597719 0.0108874
0.607675 0.0354781 -0.0126938
0.602312 0.0521553 -0.0314244
0.616139 0.0599559 -0.0110814
0.628468 0.0288808 -0.0246016
0.623094 0.0378872 -0.0479838
0.637037 0.0522903 -0.0317646
0.649179 0.0184146 -0.0335091
0.643785 0.0186411 -0.0585425
0.657843 0.0377408 -0.0484611
0.669809 0.0053704 -0.0382228
0.664384 -0.00317041 -0.0617314
0.678555 0.0181594 -0.058995
0.690361 -0.00862019 -0.0380801
0.684894 -0.0248145 -0.0571118
0.699176 -0.00396238 -0.0619882
0.71084 -0.0217935 -0.033034
0.705318 -0.0435816 -0.0452236
0.719706 -0.0258172 -0.0570271
0.73125 -0.0324785 -0.0236599
0.725661 -0.0571216 -0.0275127
0.740151 -0.0446386 -0.0447054
0.751599 -0.0393085 -0.0110833
0.74593 -0.0637332 -0.00614819
0.760516 -0.0580476 -0.0265414
0.771897 -0.0413941 0.00316132
0.766136 -0.0625716 0.0162465
0.780808 -0.0643458 -0.00478232
0.792156 -0.0384367 0.0173218
0.786293 -0.0537515 0.0369165
0.801039 -0.0627229 0.017878
0.812391 -0.0307678 0.029648
0.806416 -0.0383345 0.0533136
0.821223 -0.0533539 0.0386337
0.832621 -0.0193108 0.0386115
0.826529 -0.0182017 0.0634101
0.841378 -0.0373765 0.0549135
0.852865 -0.00546854 0.0430989
0.846656 0.00417265 0.065952
0.861528 -0.0167512 0.0646986
0.873148 0.00905028 0.0425555
0.866825 0.0260234 0.0606206
0.881698 0.00597781 0.066774
0.893493 0.0224444 0.03706
0.887069 0.0446359 0.0480816
0.901919 0.0279954 0.0608844
0.913924 0.033048 0.0273206
0.907415 0.0576874 0.0299129
0.92222 0.0465648 0.0477732
0.93446 0.0395454 0.014591
0.927888 0.063546 0.00841632
0.942631 0.0593727 0.0290995
0.955115 0.0411436 0.000515033
0.948506 0.0614872 -0.0136666
0.963175 0.0648268 0.00723679
0.975896 0.0376817 -0.0130819
0.969273 0.0517987 -0.0335016
0.983866 0.062268 -0.0150221
0.996797 0.0296575 -0.0244299
0.990177 0.0357543 -0.0485269
1.0047 0.0520644 -0.0348214
1.0178 0.0181681 -0.032047
1.0112 0.0154576 -0.0567887
1.02567 0.035572 -0.0496127
1.03889 0.0047693 -0.0349367
1.03229 -0.00642423 -0.0571996
1.04674 0.014964 -0.0574868
1.06002 -0.00872678 -0.0327217
1.05342 -0.0270034 -0.0496876
1.06788 -0.00704634 -0.057426
1.08116 -0.0204894 -0.0257
1.07452 -0.0435481 -0.0352161
1.08901 -0.0275553 -0.0494455
1.10224 -0.0289121 -0.0148166
1.09554 -0.0538467 -0.0156637
1.11009 -0.0438539 -0.0346058
1.12321 -0.0328239 -0.00153411
1.11641 -0.0564806 0.00643851
1.13103 -0.053788 -0.0148369
-0.00104712 -0.00998899 0.00013598
-0.00359536 -0.0353314 0.00536849
-0.000212302 -0.0273853 -0.0191605
0.0237952 -0.011434 0.00325409
0.0207143 -0.0330405 0.0174005
0.0247108 -0.0347331 -0.00824927
0.0485554 -0.0117469 0.00732814
0.0448218 -0.0265536 0.0283761
0.0495068 -0.0376586 0.00532751
0.0731804 -0.0103855 0.0120014
0.0687331 -0.0163541 0.0369166
0.0741807 -0.035177 0.0198132
0.0976223 -0.00690328 0.0165498
0.0924706 -0.00328685 0.0417812
0.0987474 -0.0269788 0.0330629
0.121833 -0.00119897 0.0199032
0.116078 0.0113797 0.0419275
0.123222 -0.0136274 0.0427264
0.145777 0.00621018 0.0208574
0.139592 0.0259108 0.0366765
0.147594 0.00324321 0.0466554
0.169441 0.0141101 0.0185162
0.163012 0.0381752 0.026023
0.171808 0.021011 0.0435128
0.192832 0.0208688 0.0127204
0.186309 0.0459924 0.0109295
0.195796 0.0365807 0.0332843
0.215969 0.0249323 0.00417555
0.209449 0.0476724 -0.00665797
0.219511 0.0471235 0.0173668
0.238877 0.0252513 -0.00574392
0.232418 0.0424768 -0.0241409
0.242946 0.0506884 -0.00176247
0.261586 0.0214986 -0.0153433
0.25522 0.0308186 -0.0387797
0.266125 0.0465272 -0.0210708
0.284121 0.0140912 -0.0229609
0.277866 0.0141966 -0.0482024
0.289081 0.0351571 -0.0375128
0.306502 0.00407859 -0.0272596
0.300369 -0.00506303 -0.0508079
0.311844 0.0182252 -0.0485119
0.328746 -0.00705433 -0.0274328
0.322737 -0.024186 -0.0460172
0.334441 -0.00177692 -0.0523352
0.350865 -0.0176312 -0.0233149
0.344978 -0.0403806 -0.0343552
0.356888 -0.0219027 -0.048332
0.372868 -0.0260414 -0.0153948
0.367095 -0.0512566 -0.0173652
0.379197 -0.0391902 -0.0370108
0.394758 -0.0309776 -0.00473563
0.38909 -0.0551746 0.00262434
0.401375 -0.051093 -0.0199509
0.416541 -0.0316248 0.00718273
0.410963 -0.0514784 0.0228409
0.423426 -0.0558448 0.000437033
0.438216 -0.0277768 0.0186776
0.432717 -0.0405831 0.0404665
0.445351 -0.0527052 0.0212648
0.459787 -0.0198664 0.0281029
0.454351 -0.0239093 0.0530348
0.467152 -0.0420568 0.0395829
0.481254 -0.00890647 0.0340814
0.47587 -0.00367783 0.0587717
0.488831 -0.0253402 0.0527982
0.502619 0.00365015 0.0356989
0.497274 0.0174027 0.0568341
0.51039 -0.00484177 0.0590353
0.523883 0.0161102 0.0326325
0.518568 0.0365085 0.0474153
0.531833 0.0166338 0.057389
0.545047 0.0267724 0.0251971
0.539753 0.0510822 0.0317093
0.553162 0.0361564 0.0480381
0.566114 0.0341592 0.0143045
0.560832 0.05917 0.0117405
0.574381 0.0510715 0.032207
0.587083 0.0372166 0.00134123
0.581807 0.059672 -0.00991151
0.595491 0.059355 0.0119867
0.607957 0.0354561 -0.0120163
0.602679 0.0524755 -0.0304549
0.616495 0.0598744 -0.00995727
0.628736 0.0290192 -0.0240235
0.623447 0.0384576 -0.0472474
0.637394 0.0525255 -0.0307446
0.64942 0.018659 -0.0330962
0.644111 0.0193623 -0.0581311
0.658187 0.0382305 -0.0476597
0.670011 0.00564235 -0.0380167
0.664669 -0.00243022 -0.0616996
0.678874 0.0188041 -0.0584996
0.690509 -0.00841395 -0.03809
0.685122 -0.0242069 -0.0574654
0.699454 -0.00329092 -0.0618483
0.710919 -0.0217492 -0.0332318
0.705469 -0.0432615 -0.0459119
0.719928 -0.025264 -0.0572447
0.731243 -0.0326818 -0.0239797
0.725714 -0.0572271 -0.0284257
0.740297 -0.0443499 -0.0452286
0.751489 -0.039821 -0.0114251
0.745863 -0.0643632 -0.00712218
0.760562 -0.0581518 -0.027263
0.771668 -0.0422409 0.0029222
0.765924 -0.0637648 0.0154152
0.780732 -0.0649334 -0.00554496
0.791792 -0.039597 0.0173216
0.785915 -0.0554705 0.0364483
0.800816 -0.0638267 0.0172686
0.81188 -0.0321714 0.0300173
0.805856 -0.0404596 0.0534164
0.820832 -0.0549343 0.0383873
0.831955 -0.0208404 0.039457
0.825777 -0.0205369 0.0642472
0.840802 -0.0393151 0.0552273
0.852046 -0.00696901 0.0444861
0.845714 0.0018816 0.0676135
0.860758 -0.0188563 0.0657264
0.872182 0.00775546 0.0444955
0.865706 0.0240589 0.0631025
0.880736 0.00395391 0.0685985
0.892397 0.0215326 0.0395026
0.885798 0.0432712 0.051278
0.900778 0.0263272 0.0634963
0.912722 0.0326747 0.030156
0.90603 0.0571483 0.0336238
0.920928 0.0455171 0.0510639
0.933185 0.0398225 0.0176599
0.926437 0.0639766 0.0123698
0.941227 0.0591625 0.032868
0.953804 0.0421232 0.00362665
0.947043 0.0629274 -0.00978008
0.961709 0.0655898 0.0112124
0.974587 0.0393466 -0.0101263
0.967851 0.0541753 -0.0299879
0.982392 0.0640356 -0.0111456
0.995527 0.0319217 -0.0218111
0.988847 0.0388889 -0.0456469
1.00328 0.0547562 -0.0313446
1.0166 0.0208871 -0.0299042
1.00999 0.0190894 -0.0547224
1.02434 0.0390039 -0.0467891
1.03778 0.00775787 -0.0333482
1.03124 -0.00260431 -0.0560211
1.04555 0.0188719 -0.0554879
1.05901 -0.00567009 -0.0316943
1.05253 -0.0233115 -0.0493552
1.06683 -0.00297201 -0.0563169
1.08024 -0.0175556 -0.0251674
1.07377 -0.0402652 -0.0355766
1.08812 -0.023628 -0.049176
1.1014 -0.0262558 -0.0146482
1.09489 -0.0511816 -0.0164733
1.10934 -0.0403487 -0.0350167
1.12242 -0.0305425 -0.00155239
1.1158 -0.0545422 0.00548345
1.13038 -0.0509071 -0.0156812
-0.00127222 -0.0105747 -6.45619e-005
-0.00376986 -0.0360657 0.0044171
-0.000368895 -0.0273943 -0.0198625
0.0235685 -0.0120564 0.00304728
0.0205169 -0.0340758 0.0165486
0.0245552 -0.035005 -0.00913365
0.0483236 -0.012435 0.00714745
0.044594 -0.0278613 0.0277463
0.0493385 -0.0382738 0.00438918
0.0729397 -0.0111582 0.0118949
0.0684705 -0.017865 0.0366176
0.0739868 -0.0361647 0.0189782
0.0973688 -0.00775844 0.0165784
0.0921732 -0.00489547 0.0418972
0.0985179 -0.0283054 0.0324974
0.121564 -0.00210332 0.0201303
0.11575 0.00980985 0.0425057
0.122952 -0.0151909 0.0425804
0.145493 0.00532488 0.0213305
0.139241 0.0245371 0.0377134
0.147285 0.00160765 0.0470312
0.169145 0.0133378 0.0192472
0.162649 0.0371559 0.0274514
0.171468 0.0195078 0.0444362
0.19253 0.0203077 0.0136735
0.185946 0.0454572 0.0126172
0.195438 0.0354152 0.0346904
0.215668 0.0246595 0.00527
0.209098 0.0476931 -0.00489389
0.219149 0.0464608 0.0191071
0.238586 0.0253042 -0.00461867
0.232088 0.0430476 -0.0225048
0.242594 0.0506213 0.000105399
0.26131 0.0218665 -0.0143066
0.254916 0.0318525 -0.0374617
0.265793 0.0470591 -0.0193043
0.283863 0.0147169 -0.0221199
0.27759 0.0155389 -0.0473464
0.288773 0.0362019 -0.0360612
0.306266 0.00486821 -0.0266924
0.300119 -0.00360977 -0.0504879
0.311563 0.0196219 -0.0475389
0.328532 -0.00621635 -0.0271769
0.322512 -0.0228303 -0.0462275
0.334184 -0.000238038 -0.0519306
0.350674 -0.0168648 -0.0233632
0.344777 -0.03931 -0.035014
0.356655 -0.0204463 -0.0484996
0.372699 -0.0254538 -0.0156974
0.366917 -0.0506111 -0.0183305
0.378986 -0.0380215 -0.0376711
0.394613 -0.0306488 -0.00520889
0.388936 -0.055029 0.00153126
0.401186 -0.0503686 -0.0209567
0.41642 -0.0315975 0.00664399
0.410838 -0.0518362 0.0218079
0.42326 -0.0556518 -0.000724593
0.438121 -0.0280518 0.0181845
0.432624 -0.0413803 0.0396641
0.445212 -0.0530531 0.0201497
0.45972 -0.0204039 0.0277567
0.454295 -0.0250274 0.0525944
0.467045 -0.0428811 0.0386995
0.481216 -0.00963322 0.0339603
0.475853 -0.00496287 0.0587708
0.488761 -0.0265165 0.0522907
0.502609 0.00282975 0.0358475
0.497298 0.016118 0.0572891
0.51036 -0.00620668 0.0589892
0.523901 0.0153002 0.0330568
0.51863 0.0353831 0.0482834
0.531843 0.0152586 0.0578245
0.545091 0.0260705 0.025865
0.53985 0.0502475 0.0328961
0.553212 0.0349397 0.0489111
0.566179 0.0336438 0.0151505
0.560958 0.0587152 0.0131137
0.574466 0.050152 0.0334192
0.587163 0.0369363 0.00227634
0.581955 0.0596346 -0.0085058
0.595607 0.0588256 0.0134002
0.608045 0.035423 -0.0110924
0.602839 0.0528379 -0.029174
0.616633 0.0597731 -0.00850104
0.628823 0.0292074 -0.0232087
0.62361 0.0391488 -0.0462339
0.637546 0.0528327 -0.0294056
0.649497 0.0190073 -0.0324728
0.644266 0.0202639 -0.0574964
0.658343 0.0388726 -0.0465804
0.670067 0.00606112 -0.0376392
0.664804 -0.00147173 -0.0615094
0.679024 0.0196614 -0.0577886
0.690532 -0.00803156 -0.0379761
0.685222 -0.0233651 -0.0577282
0.699585 -0.00237134 -0.0615668
0.710893 -0.0215139 -0.0333576
0.705517 -0.0427105 -0.0465728
0.720025 -0.024452 -0.057397
0.731154 -0.0326933 -0.0242792
0.725689 -0.0571193 -0.0293666
0.74034 -0.0438133 -0.0457572
0.751321 -0.0401531 -0.011795
0.745742 -0.0648067 -0.008169
0.760532 -0.0580356 -0.0280495
0.771402 -0.0429287 0.00261258
0.765684 -0.0648034 0.0144756
0.780604 -0.0653382 -0.00641854
0.791414 -0.0406277 0.0172157
0.785534 -0.0570697 0.0358445
0.800567 -0.0647905 0.0165156
0.811376 -0.0334807 0.0302539
0.805315 -0.0425018 0.0533627
0.820438 -0.0564191 0.0379761
0.831317 -0.0223151 0.0401515
0.825065 -0.022828 0.0649127
0.840246 -0.041202 0.0553642
0.851271 -0.00845705 0.0457131
0.844828 -0.000407428 0.0690941
0.860027 -0.0209529 0.0665729
0.871277 0.00642941 0.0462759
0.864657 0.0220507 0.065402
0.879829 0.0018954 0.0702439
0.891375 0.0205463 0.0417967
0.884609 0.0418146 0.0543012
0.899707 0.0245807 0.0659391
0.911607 0.0321861 0.0328649
0.904738 0.0564687 0.0371836
0.919718 0.0443475 0.0542046
0.932007 0.0399489 0.0206349
0.925089 0.0642222 0.0162089
0.939916 0.0587885 0.0365169
0.952599 0.0429243 0.00668677
0.945691 0.064147 -0.00595682
0.960345 0.0661519 0.0151109
0.973393 0.0408159 -0.00717208
0.966551 0.0563099 -0.0264746
0.981029 0.0655746 -0.00729171
0.994379 0.0339859 -0.0191392
0.987646 0.0417781 -0.0426977
1.00197 0.0572051 -0.0278263
1.01553 0.0234147 -0.0276532
1.00893 0.022492 -0.0525167
1.02314 0.0421956 -0.0438548
1.0368 0.0105764 -0.0316002
1.03033 0.00102132 -0.0546399
1.04449 0.0225603 -0.0533096
1.05813 -0.00275163 -0.0304635
1.05177 -0.0197643 -0.0487694
1.06593 0.000920656 -0.0549672
1.07946 -0.0147214 -0.0243983
1.07315 -0.0370687 -0.0356508
1.08738 -0.0198313 -0.0486176
1.10069 -0.0236583 -0.0142228
1.09436 -0.048543 -0.0169834
1.10872 -0.0369157 -0.0351079
1.12175 -0.0282816 -0.00130526
1.11532 -0.0525765 0.00482192
1.12985 -0.0480392 -0.016194
-0.00150954 -0.0110915 -0.000205108
-0.00396325 -0.0367027 0.00355798
-0.000562214 -0.0273473 -0.0204664
0.0233317 -0.0126157 0.00288118
0.0203119 -0.0350106 0.0157577
0.0243689 -0.0352116 -0.00993763
0.0480849 -0.0130655 0.00698619
0.0443705 -0.0290698 0.0271421
0.0491496 -0.0388145 0.00350559
0.0726962 -0.0118792 0.0117843
0.0682237 -0.0192843 0.0363062
0.0737851 -0.0370718 0.0181647
0.0971173 -0.00856968 0.0165772
0.0919008 -0.00642714 0.0419626
0.0982943 -0.029552 0.0319147
0.121302 -0.00297494 0.0203009
0.115453 0.00829484 0.0429979
0.122701 -0.0166838 0.0423755
0.145219 0.00445668 0.0217218
0.138923 0.0231891 0.0386344
0.147003 2.29408e-005 0.0473081
0.16886 0.0125628 0.0198746
0.162317 0.0361282 0.0287433
0.171161 0.018026 0.045227
0.192237 0.0197212 0.0145068
0.185608 0.0448787 0.0141588
0.195112 0.034235 0.0359409
0.215373 0.0243383 0.00623507
0.208763 0.0476393 -0.00327434
0.218814 0.0457452 0.0206817
0.238293 0.0252878 -0.00362625
0.231764 0.0435205 -0.021003
0.242261 0.0504662 0.00181061
0.261023 0.0221474 -0.0134016
0.254607 0.0327757 -0.0362643
0.265469 0.0474761 -0.0176871
0.283587 0.0152416 -0.021407
0.277298 0.0167671 -0.0465988
0.288463 0.0371156 -0.0347396
0.306001 0.00554597 -0.0262485
0.299844 -0.00226794 -0.05027
0.311269 0.0208823 -0.0466767
0.32828 -0.00549941 -0.0270394
0.322251 -0.0215825 -0.0465411
0.333906 0.00116774 -0.0516222
0.350433 -0.0162284 -0.0235245
0.344527 -0.0383486 -0.0357834
0.35639 -0.0191164 -0.0487562
0.37247 -0.0250062 -0.0161066
0.366678 -0.0500846 -0.0194153
0.378732 -0.036975 -0.0384205
0.394395 -0.0304713 -0.00577939
0.388708 -0.0550222 0.000313891
0.40094 -0.0497688 -0.0220557
0.416214 -0.0317336 0.0060217
0.410622 -0.0523599 0.0206558
0.423023 -0.055595 -0.00198208
0.437929 -0.0285014 0.0176272
0.432424 -0.0423729 0.0387619
0.444987 -0.053557 0.0189433
0.459543 -0.0211244 0.0273722
0.454116 -0.0263661 0.0520889
0.466835 -0.0438852 0.0377417
0.481057 -0.0105455 0.0338321
0.475699 -0.00648279 0.0587526
0.488571 -0.027894 0.0517394
0.502471 0.0018291 0.0360241
0.497172 0.0146005 0.0577828
0.510195 -0.00778481 0.0589433
0.523785 0.0143247 0.0335453
0.518536 0.034046 0.0492469
0.531707 0.013673 0.0583124
0.544996 0.025228 0.0266306
0.539788 0.0492404 0.0342283
0.553108 0.0335336 0.0498907
0.566105 0.0330217 0.016122
0.560927 0.0581417 0.0146688
0.574394 0.0490822 0.034786
0.587108 0.03659 0.00335579
0.581951 0.0595409 -0.00689941
0.595566 0.0581998 0.0150033
0.608004 0.0353684 -0.0100163
0.602858 0.0532075 -0.0276928
0.616621 0.0596383 -0.00683836
0.62879 0.0294184 -0.0222457
0.623644 0.039905 -0.0450385
0.637558 0.053171 -0.0278633
0.649465 0.0194189 -0.0317161
0.644307 0.0212778 -0.0567124
0.658372 0.0396042 -0.0453199
0.670027 0.00657705 -0.0371525
0.664841 -0.000367797 -0.0612111
0.679061 0.0206549 -0.0569336
0.690473 -0.00752702 -0.037784
0.685241 -0.0223593 -0.0579278
0.69962 -0.00128428 -0.061188
0.710802 -0.0211414 -0.03344
0.7055 -0.04199 -0.0472146
0.720041 -0.0234577 -0.057502
0.731015 -0.0325625 -0.0245709
0.725617 -0.0568472 -0.0303284
0.740321 -0.0430949 -0.0462866
0.751117 -0.0403472 -0.0121914
0.745591 -0.0650995 -0.00927177
0.760456 -0.0577501 -0.0288795
0.771117 -0.0434911 0.00224513
0.76543 -0.0657107 0.0134507
0.780447 -0.0655954 -0.00737054
0.79103 -0.041553 0.0170253
0.785153 -0.0585616 0.0351311
0.800304 -0.0656341 0.0156571
0.81088 -0.0347105 0.0303851
0.804789 -0.0444649 0.0531797
0.820046 -0.0578146 0.0374396
0.8307 -0.0237411 0.0407259
0.824381 -0.0250729 0.0654343
0.839704 -0.0430337 0.0553627
0.85053 -0.00993074 0.046813
0.843983 -0.00268763 0.0704226
0.859324 -0.0230306 0.067274
0.870415 0.00508087 0.0479302
0.86366 0.02001 0.0675492
0.878963 -0.000183145 0.0717436
0.890408 0.0195001 0.0439746
0.883483 0.0402815 0.057182
0.898687 0.0227733 0.0682437
0.910556 0.0316017 0.0354767
0.903518 0.0556691 0.0406228
0.918569 0.0430753 0.057224
0.930901 0.0399472 0.023541
0.92382 0.0643086 0.0199615
0.938675 0.0582717 0.0400718
0.951473 0.0435716 0.00971407
0.944426 0.0651765 -0.00217451
0.959059 0.0665361 0.0189539
0.972282 0.0421139 -0.00420862
0.965341 0.0582355 -0.0229484
0.979751 0.0669092 -0.00344513
0.993318 0.0358711 -0.0164128
0.986538 0.0444539 -0.0396774
1.00075 0.0594349 -0.02426
1.01455 0.0257662 -0.0253023
1.00796 0.0256921 -0.050183
1.02203 0.0451674 -0.0408142
1.03591 0.0132311 -0.0297103
1.02952 0.00446902 -0.0530803
1.04351 0.0260425 -0.0509689
1.05734 2.27791e-005 -0.0290556
1.0511 -0.0163599 -0.0479662
1.06511 0.00463361 -0.0534061
1.07875 -0.0120069 -0.0234258
1.0726 -0.0339745 -0.035483
1.08671 -0.0161783 -0.0478103
1.10005 -0.0211549 -0.0135773
1.0939 -0.0459666 -0.0172424
1.10818 -0.033586 -0.0349267
1.12114 -0.0260923 -0.000831444
1.11489 -0.0506393 0.00440552
1.1294 -0.0452352 -0.0164266
-0.00176389 -0.0115429 -0.000325601
-0.0041846 -0.0372511 0.00273115
-0.000791095 -0.027234 -0.0210261
0.0230786 -0.0131194 0.00272323
0.0200859 -0.0358638 0.0149785
0.0241483 -0.0353527 -0.0107117
0.0478317 -0.0136503 0.00681992
0.0441346 -0.0302075 0.0265275
0.0489311 -0.0392923 0.00263305
0.0724409 -0.0125653 0.0116543
0.0679735 -0.0206475 0.0359623
0.0735617 -0.037922 0.01734
0.0968576 -0.00935828 0.0165416
0.0916337 -0.0079215 0.041975
0.0980591 -0.0307525 0.0312963
0.121035 -0.00383835 0.0204222
0.115168 0.00679471 0.0434195
0.122448 -0.0181474 0.0421112
0.144944 0.00357991 0.0220505
0.138622 0.0218307 0.039472
0.146731 -0.00155468 0.0475048
0.168577 0.0117607 0.0204295
0.162004 0.0350638 0.0299451
0.170869 0.0165248 0.0459227
0.191947 0.0190889 0.0152619
0.185288 0.0442384 0.0156107
0.194804 0.0330072 0.0370887
0.215079 0.0239542 0.00712048
0.208442 0.0475029 -0.00173776
0.218497 0.0449552 0.0221545
0.237998 0.025194 -0.00271151
0.231447 0.043897 -0.0195732
0.241942 0.0502147 0.00342221
0.260731 0.0223403 -0.0125703
0.254299 0.0335965 -0.0351268
0.265153 0.0477815 -0.0161501
0.283299 0.0156715 -0.0207634
0.276999 0.0178945 -0.0459015
0.288155 0.0379111 -0.033483
0.305718 0.00612467 -0.0258703
0.299554 -0.00102068 -0.0500986
0.31097 0.0220257 -0.0458658
0.328003 -0.0048843 -0.0269654
0.321968 -0.0204225 -0.0469043
0.333616 0.00246382 -0.0513563
0.350162 -0.0156967 -0.0237483
0.344249 -0.0374715 -0.0366115
0.356106 -0.0178866 -0.0490534
0.372203 -0.0246671 -0.0165777
0.366402 -0.049646 -0.0205704
0.378451 -0.0360211 -0.0392151
0.394133 -0.0304081 -0.00640999
0.388435 -0.0551148 -0.000983711
0.400662 -0.0492596 -0.0232085
0.415956 -0.0319911 0.00534372
0.410352 -0.0530014 0.01942
0.422746 -0.0556345 -0.00330219
0.437677 -0.0290801 0.0170226
0.432159 -0.0435052 0.0377828
0.444711 -0.05417 0.0176701
0.459299 -0.0219804 0.0269534
0.453861 -0.027865 0.0515247
0.466564 -0.0450159 0.0367216
0.480823 -0.0115969 0.0336875
0.475458 -0.0081768 0.0587046
0.488308 -0.0294156 0.0511415
0.50225 0.000690902 0.036206
0.49695 0.0129059 0.0582832
0.509946 -0.00951953 0.0588769
0.523579 0.0132197 0.0340629
0.518337 0.0325421 0.0502564
0.531477 0.0119281 0.0588141
0.544808 0.0242713 0.0274489
0.539617 0.0480904 0.0356432
0.552901 0.0319785 0.0509217
0.565936 0.0323077 0.0171669
0.560785 0.0574607 0.0163358
0.574215 0.0478871 0.0362398
0.586958 0.0361798 0.004524
0.581839 0.0593827 -0.0051633
0.595417 0.0574843 0.0167217
0.607872 0.0352816 -0.00884306
0.602775 0.0535588 -0.0260771
0.616503 0.0594573 -0.0050434
0.628674 0.0296303 -0.0211851
0.623587 0.040687 -0.0437165
0.637469 0.0535095 -0.0261852
0.649359 0.019863 -0.0308693
0.644269 0.0223559 -0.0558202
0.658311 0.0403806 -0.0439337
0.669922 0.00715331 -0.0365906
0.664812 0.000830361 -0.060831
0.67902 0.0217312 -0.0559744
0.69036 -0.00693996 -0.037537
0.685207 -0.0212389 -0.0580764
0.699588 -8.6099e-005 -0.0607346
0.710668 -0.0206711 -0.0334916
0.705445 -0.0411442 -0.0478375
0.720006 -0.0223351 -0.0575664
0.730845 -0.0323261 -0.0248582
0.725518 -0.0564478 -0.0313027
0.740264 -0.0422417 -0.0468101
0.750893 -0.0404354 -0.0126098
0.745425 -0.0652699 -0.0104159
0.760354 -0.0573333 -0.0297361
0.770822 -0.0439547 0.00183089
0.765172 -0.0665071 0.0123581
0.780276 -0.0657326 -0.00837814
0.790647 -0.0423932 0.0167661
0.784779 -0.0599599 0.0343269
0.800038 -0.0663754 0.0147187
0.810395 -0.035875 0.0304292
0.804279 -0.0463574 0.0528866
0.81966 -0.0591309 0.0368037
0.830103 -0.0251269 0.0412006
0.823721 -0.0272758 0.0658311
0.839178 -0.0448135 0.0552472
0.849816 -0.0113937 0.0478064
0.84317 -0.00495981 0.0716179
0.858645 -0.0250883 0.0678521
0.86959 0.00371095 0.0494787
0.862704 0.017939 0.0695633
0.878129 -0.00227742 0.073118
0.889484 0.0183992 0.0460555
0.882406 0.0386777 0.0599395
0.897709 0.0209116 0.0704286
0.909555 0.0309302 0.0380083
0.902355 0.0547593 0.0439597
0.91747 0.0417092 0.0601386
0.929851 0.0398292 0.0263917
0.922616 0.0642496 0.0236437
0.937492 0.0576232 0.0435473
0.950408 0.0440787 0.0127177
0.943231 0.0660333 0.00157859
0.957837 0.0667559 0.0227526
0.971236 0.0432551 -0.00123229
0.964205 0.0599721 -0.0194038
0.978543 0.0680546 0.000400762
0.992322 0.0375912 -0.0136345
0.985505 0.0469368 -0.0365886
0.999608 0.0614617 -0.0206455
1.01362 0.0279525 -0.0228612
1.00706 0.0287078 -0.0477331
1.02099 0.0479345 -0.0376749
1.03508 0.0157282 -0.0276953
1.02876 0.00775167 -0.0513633
1.04261 0.0293302 -0.048482
1.0566 0.00265305 -0.0274935
1.05049 -0.0130938 -0.0469745
1.06436 0.00817258 -0.0516583
1.07809 -0.00941988 -0.0222776
1.07211 -0.0309886 -0.0351083
1.0861 -0.012672 -0.0467864
1.09945 -0.0187626 -0.0127433
1.09349 -0.0434703 -0.0172892
1.10769 -0.0303731 -0.0345117
1.12057 -0.0240005 -0.000164107
1.1145 -0.0487602 0.00419483
1.12898 -0.0425203 -0.0164206
